Timestamp,HipCenterX,HipCenterY,HipCenterZ,SpineX,SpineY,SpineZ,ShoulderCenterX,ShoulderCenterY,ShoulderCenterZ,HeadX,HeadY,HeadZ,ShoulderLeftX,ShoulderLeftY,ShoulderLeftZ,ElbowLeftX,ElbowLeftY,ElbowLeftZ,WristLeftX,WristLeftY,WristLeftZ,HandLeftX,HandLeftY,HandLeftZ,ShoulderRightX,ShoulderRightY,ShoulderRightZ,ElbowRightX,ElbowRightY,ElbowRightZ,WristRightX,WristRightY,WristRightZ,HandRightX,HandRightY,HandRightZ,HipLeftX,HipLeftY,HipLeftZ,KneeLeftX,KneeLeftY,KneeLeftZ,AnkleLeftX,AnkleLeftY,AnkleLeftZ,FootLeftX,FootLeftY,FootLeftZ,HipRightX,HipRightY,HipRightZ,KneeRightX,KneeRightY,KneeRightZ,AnkleRightX,AnkleRightY,AnkleRightZ,FootRightX,FootRightY,FootRightZ,User-ID,Action,
40188545.0245,-0.05701996,0.2455296,2.985999,-0.05805215,0.305134,3.045098,-0.06423777,0.6628624,3.051802,-0.06326362,0.8326657,3.013525,-0.2452801,0.5518546,3.037794,-0.5068756,0.5252589,3.025709,-0.7168704,0.5429754,2.942982,-0.7909368,0.5580213,2.920923,0.1278774,0.5641849,3.038763,0.3898576,0.5363851,3.01372,0.6045101,0.5625486,2.951012,0.6616021,0.5437438,2.900163,-0.1371931,0.1612632,2.970965,-0.1335197,-0.3825223,3.013983,-0.1071793,-0.7634698,3.034201,-0.1375741,-0.8241093,2.998953,0.02615413,0.1644752,2.970011,0.01509875,-0.3822668,3.015607,-0.02286846,-0.761358,3.053234,0.0290014,-0.8279866,3.010259,976,Make-the-letter-K,
40188581.0266,-0.05703306,0.2455387,2.986063,-0.05806714,0.3051704,3.045169,-0.06435977,0.6630129,3.051848,-0.06294344,0.8325891,3.013835,-0.2452801,0.5518813,3.038092,-0.5067385,0.5252171,3.026108,-0.7164806,0.5430337,2.942638,-0.7905544,0.5580844,2.920608,0.1275374,0.5641666,3.038985,0.3899713,0.5366798,3.013987,0.6046432,0.5620933,2.950967,0.6617353,0.5432884,2.900118,-0.137186,0.1613099,2.971005,-0.1335379,-0.382395,3.013718,-0.1069404,-0.7619998,3.034293,-0.1372622,-0.8227321,2.999141,0.02612479,0.1645387,2.97017,0.0150644,-0.3819532,3.01482,-0.02275553,-0.7611574,3.0534,0.02843726,-0.8278199,3.010121,976,Make-the-letter-K,
40188613.0284,-0.05703795,0.2455496,2.986114,-0.05806836,0.3051634,3.045245,-0.06434032,0.6629671,3.052062,-0.06302999,0.8328421,3.014128,-0.2453028,0.5520324,3.038296,-0.5068309,0.5249606,3.025887,-0.7163482,0.5435437,2.941941,-0.7904319,0.5586025,2.91995,0.1275997,0.5639485,3.039114,0.3902567,0.5369996,3.014509,0.6047783,0.562036,2.950644,0.6618705,0.543231,2.899795,-0.1371965,0.1613212,2.97102,-0.133755,-0.3823358,3.013685,-0.1070471,-0.7620006,3.034367,-0.1372791,-0.8227057,2.999092,0.02612333,0.1645426,2.970193,0.01517855,-0.3820941,3.014688,-0.02021948,-0.7597076,3.053048,0.02817454,-0.8278354,3.010164,976,Make-the-letter-K,
40188645.0302,-0.05706885,0.2455809,2.986194,-0.05816639,0.3051921,3.045379,-0.06499829,0.6633759,3.052616,-0.06313016,0.832852,3.014279,-0.2453029,0.552057,3.03835,-0.5069764,0.5244192,3.026685,-0.7160198,0.5431063,2.94136,-0.7901072,0.5581675,2.919384,0.1275766,0.5640016,3.03929,0.3900754,0.5373182,3.014738,0.6046041,0.5618195,2.950637,0.6616963,0.5430146,2.899788,-0.1371979,0.161327,2.971024,-0.13374,-0.3822337,3.013513,-0.1069848,-0.7619329,3.034353,-0.1370904,-0.8230151,2.999625,0.02612986,0.1646351,2.970314,0.01579801,-0.3816243,3.014558,-0.02017231,-0.7596743,3.05295,0.02171066,-0.8285686,3.009725,976,Make-the-letter-K,
40188682.0324,-0.0570923,0.2456857,2.986264,-0.0581078,0.305308,3.045464,-0.06501724,0.6634386,3.052688,-0.06347879,0.8332,3.014992,-0.2459542,0.5522547,3.039111,-0.5070843,0.5241664,3.026783,-0.7163932,0.5418316,2.94198,-0.7904838,0.5568921,2.920013,0.1274495,0.5638781,3.039364,0.3894968,0.5370588,3.015362,0.6040525,0.5617177,2.951455,0.6611443,0.5429129,2.900605,-0.1372316,0.1614041,2.971076,-0.1334149,-0.380847,3.012386,-0.1074486,-0.7613791,3.034275,-0.1378545,-0.822098,2.999174,0.02612624,0.1646986,2.970334,0.01671286,-0.3809877,3.014392,-0.02047959,-0.7588534,3.053142,0.01876056,-0.8285617,3.008941,976,Make-the-letter-K,
40188713.0341,-0.05711904,0.2456668,2.98636,-0.05815541,0.3052727,3.045567,-0.06479388,0.6632903,3.052852,-0.06391074,0.8332802,3.015252,-0.2459252,0.5523105,3.03925,-0.5070777,0.5239262,3.026871,-0.7162423,0.5419052,2.94172,-0.7903341,0.5569673,2.91976,0.1273124,0.563681,3.039786,0.3888527,0.5368298,3.015491,0.6035289,0.5603427,2.951549,0.6606206,0.541538,2.9007,-0.137263,0.1613993,2.971119,-0.1334185,-0.3808601,3.01239,-0.1103087,-0.7598894,3.033159,-0.1366235,-0.8232772,2.999502,0.02603971,0.1647218,2.970467,0.01664176,-0.3809718,3.014392,-0.01625534,-0.7557409,3.055635,0.01965752,-0.8278925,3.010737,976,Make-the-letter-K,
40188745.036,-0.0570917,0.2459881,2.986543,-0.05784982,0.3055021,3.045726,-0.0646214,0.6631864,3.05294,-0.06414732,0.8333936,3.016229,-0.2486464,0.5526103,3.041653,-0.5067517,0.5237284,3.026821,-0.7175238,0.5390937,2.945932,-0.7647198,0.5394955,2.934751,0.1270297,0.563792,3.04027,0.3883941,0.5365954,3.015434,0.6030415,0.5581563,2.950495,0.6601328,0.5393518,2.899647,-0.1373744,0.1615329,2.971287,-0.1336984,-0.3799451,3.011917,-0.1102574,-0.7599573,3.033028,-0.1394359,-0.8209379,2.996821,0.02612193,0.1648659,2.970491,0.01643404,-0.3813096,3.014476,-0.01710577,-0.7570063,3.055059,0.01986642,-0.8280045,3.011139,976,Make-the-letter-K,
40188782.0381,-0.05709251,0.2460223,2.986613,-0.05791562,0.3055367,3.045837,-0.06485316,0.6633983,3.053297,-0.06401536,0.8335887,3.015793,-0.2486799,0.5525974,3.041674,-0.5068036,0.5235109,3.026759,-0.7174424,0.5387855,2.945431,-0.7931533,0.5411564,2.923964,0.1269976,0.5635506,3.040572,0.3880176,0.5361577,3.015352,0.6027389,0.556029,2.950038,0.65983,0.5372246,2.89919,-0.1373729,0.1615517,2.971298,-0.1338271,-0.3805979,3.012217,-0.1099776,-0.7603998,3.033165,-0.1399651,-0.8218105,2.99691,0.02615487,0.1648726,2.970552,0.01625173,-0.3813321,3.014282,-0.01822068,-0.7584115,3.054075,0.01979725,-0.8278692,3.011222,976,Make-the-letter-K,
40188812.0398,-0.05708099,0.2460257,2.986697,-0.05792161,0.3055252,3.045951,-0.06477666,0.663366,3.053533,-0.06408432,0.8335798,3.015786,-0.2487368,0.5525691,3.041705,-0.5066057,0.523059,3.026814,-0.7167786,0.5381276,2.943999,-0.7923785,0.5405492,2.922152,0.1268491,0.5633556,3.040756,0.3871587,0.5357797,3.015043,0.6020295,0.5549282,2.950082,0.6591203,0.5361239,2.899234,-0.1373747,0.1615454,2.971293,-0.1339363,-0.3804595,3.012403,-0.1095848,-0.7610556,3.032691,-0.1405071,-0.8225241,2.996923,0.02618769,0.1649068,2.970763,0.01625061,-0.3813661,3.014368,-0.02011874,-0.7589039,3.054051,0.01799846,-0.8283197,3.012078,976,Make-the-letter-K,
40188850.042,-0.057124,0.2461659,2.986766,-0.0579411,0.3056782,3.046001,-0.06478594,0.6634493,3.05345,-0.06414116,0.8340182,3.016201,-0.2488662,0.5527276,3.041946,-0.5072081,0.5228729,3.026692,-0.7176679,0.5375755,2.94468,-0.7931875,0.5399843,2.922557,0.1269124,0.5633303,3.040823,0.3874036,0.5355691,3.015149,0.6024377,0.5545967,2.950837,0.6595283,0.5357925,2.899989,-0.1374783,0.1615884,2.971394,-0.132424,-0.3805124,3.012633,-0.1088168,-0.7613141,3.033159,-0.1404436,-0.8226653,2.997269,0.02620011,0.1650099,2.97079,0.01645366,-0.380542,3.013957,-0.02022776,-0.7589985,3.054169,0.020052,-0.8290146,3.012981,976,Make-the-letter-K,
40188882.0438,-0.05719718,0.2462719,2.986814,-0.05796747,0.3057714,3.046053,-0.06482366,0.663447,3.053472,-0.06414054,0.8340344,3.01621,-0.2495012,0.5524805,3.042365,-0.507066,0.5225309,3.026606,-0.7353771,0.5276104,2.928697,-0.8079008,0.5329431,2.898528,0.126894,0.5632352,3.04094,0.3872812,0.5333427,3.01511,0.602133,0.5547101,2.950958,0.6592231,0.5359061,2.90011,-0.1376065,0.1616117,2.971401,-0.132492,-0.3801943,3.013032,-0.1066893,-0.7592936,3.035643,-0.09865396,-0.8283747,3.003919,0.02619495,0.165041,2.9708,0.0157618,-0.3804715,3.014356,-0.02124838,-0.7595376,3.054049,-0.003354364,-0.8283666,3.012593,976,Make-the-letter-K,
40188912.0455,-0.05716516,0.2463866,2.986907,-0.05797812,0.3058695,3.046183,-0.06495693,0.6635709,3.053832,-0.06432363,0.8339793,3.016407,-0.2498525,0.5526055,3.042594,-0.5073003,0.5223454,3.026629,-0.7141867,0.528496,2.933277,-0.7867098,0.5338286,2.903108,0.1268751,0.5631642,3.041309,0.3881617,0.5297631,3.014382,0.6029974,0.551762,2.950434,0.660087,0.5329581,2.899588,-0.1376022,0.1616265,2.971403,-0.1309356,-0.3803596,3.013459,-0.1066771,-0.7593431,3.035647,-0.1337051,-0.8253177,2.998421,0.02629536,0.1651258,2.97087,0.01583894,-0.3805917,3.015029,-0.0214179,-0.7595531,3.054136,0.03131865,-0.8287247,3.013258,976,Make-the-letter-K,
40188950.0477,-0.05714785,0.2464231,2.986941,-0.05789957,0.3059119,3.046216,-0.06496507,0.6635822,3.053833,-0.06453481,0.8335867,3.016181,-0.2500196,0.5524009,3.043185,-0.5073196,0.5224774,3.026059,-0.7158885,0.5261108,2.93708,-0.788411,0.5314434,2.906911,0.1268255,0.5629721,3.041399,0.3883268,0.5267431,3.01415,0.6030161,0.5439684,2.947757,0.6601052,0.5251647,2.89691,-0.1375997,0.1616344,2.971415,-0.1309809,-0.3803331,3.013599,-0.1055751,-0.7578466,3.037081,-0.1340535,-0.8226957,3.00343,0.02635089,0.1651641,2.970906,0.01649751,-0.3791124,3.014306,-0.02194135,-0.7603411,3.05366,0.03090904,-0.8283706,3.013194,976,Make-the-letter-K,
40188982.0495,-0.05710523,0.2464022,2.986996,-0.05786432,0.3058828,3.04629,-0.06507197,0.6636773,3.054116,-0.06454506,0.8335617,3.016353,-0.249754,0.552363,3.043182,-0.5069702,0.5204266,3.025717,-0.7378306,0.5066462,2.926847,-0.8103525,0.5119788,2.896679,0.1268208,0.5628628,3.041334,0.3911452,0.5229711,3.013183,0.6049526,0.5345141,2.941849,0.6620412,0.5157105,2.891003,-0.1375411,0.1616416,2.971428,-0.1306337,-0.3815485,3.014505,-0.1059986,-0.7577266,3.036855,-0.1347788,-0.8217298,3.001033,0.02641555,0.1651661,2.970966,0.01672883,-0.3793837,3.014602,-0.02006656,-0.7595801,3.055057,0.02988288,-0.8280836,3.012733,976,Make-the-letter-K,
40189013.0513,-0.0571213,0.2460894,2.987436,-0.05798446,0.3056175,3.046776,-0.06546554,0.663898,3.055024,-0.06458379,0.8334785,3.016487,-0.249238,0.5519332,3.042833,-0.507495,0.517118,3.024263,-0.7207928,0.4978652,2.934597,-0.7950767,0.5097107,2.911369,0.1267747,0.5624503,3.041402,0.3901389,0.5169343,3.012461,0.6034827,0.5164251,2.938307,0.6605712,0.4976215,2.88746,-0.1374548,0.1614403,2.971817,-0.1308435,-0.3813649,3.014503,-0.1060536,-0.7577584,3.036688,-0.1351413,-0.8219528,3.001,0.02639986,0.1649969,2.971252,0.01777365,-0.3814248,3.016634,-0.01984326,-0.7596896,3.05471,0.02890599,-0.8282211,3.012561,976,Make-the-letter-K,
40189049.0534,-0.05724341,0.2453671,2.987774,-0.05816296,0.3050166,3.047079,-0.06576622,0.663443,3.055062,-0.06455151,0.8334039,3.016584,-0.2485518,0.5500356,3.042126,-0.5100998,0.5088377,3.022186,-0.7174335,0.4869057,2.9329,-0.7933201,0.4842936,2.898897,0.1258318,0.5608123,3.040884,0.3894491,0.5093615,3.010873,0.5961037,0.4822678,2.921401,0.6531916,0.4634643,2.870555,-0.1374095,0.1609768,2.97215,-0.13102,-0.3805754,3.014109,-0.1060156,-0.7581118,3.036462,-0.09002922,-0.8284656,3.011206,0.02623342,0.1645665,2.971596,0.01813623,-0.3806819,3.01632,-0.01980318,-0.7598485,3.054401,0.02856404,-0.828108,3.011698,976,Make-the-letter-K,
40189081.0552,-0.05738178,0.2446381,2.98786,-0.05827807,0.3044704,3.047162,-0.06579854,0.6633301,3.055053,-0.06455597,0.8333844,3.01664,-0.2482607,0.5485326,3.041989,-0.5051579,0.4990656,3.019284,-0.7386345,0.4562049,2.907067,-0.8107448,0.4724319,2.879962,0.125293,0.5598803,3.040828,0.3886032,0.4995801,3.008653,0.5953871,0.4730612,2.91933,0.652475,0.4542578,2.868484,-0.1374653,0.1604728,2.972245,-0.1312031,-0.3807287,3.014334,-0.1029431,-0.7556766,3.038355,-0.1254932,-0.8194141,3.001274,0.02602552,0.1640235,2.97172,0.01711462,-0.3814276,3.017124,-0.01970453,-0.7594566,3.05477,0.02780447,-0.8275896,3.010892,976,Make-the-letter-K,
40189113.057,-0.05736052,0.2440185,2.988007,-0.05829607,0.3039629,3.04727,-0.06592159,0.6629719,3.054898,-0.064555,0.8333842,3.016641,-0.2478322,0.546846,3.04177,-0.5067976,0.4830703,3.015503,-0.7067097,0.4257663,2.92477,-0.7792886,0.4348723,2.895663,0.1248012,0.5588753,3.040782,0.3799512,0.4861865,3.005973,0.5870762,0.4560832,2.918972,0.6441636,0.43728,2.868126,-0.1373239,0.1597575,2.972375,-0.1310361,-0.3808024,3.014432,-0.1040289,-0.7557808,3.039233,-0.1344652,-0.8226089,2.999444,0.02600401,0.1637454,2.971979,0.01640733,-0.382212,3.017725,-0.02088353,-0.7604426,3.054487,0.02757547,-0.8274406,3.011181,976,Make-the-letter-K,
40189149.0591,-0.05735191,0.243278,2.988073,-0.05820377,0.3033549,3.047343,-0.06587549,0.6627583,3.054906,-0.06426466,0.8324234,3.017376,-0.2471399,0.5465986,3.04219,-0.5032884,0.4751574,3.017358,-0.7021272,0.4170287,2.924484,-0.7702385,0.4437147,2.895389,0.1247245,0.5579863,3.040522,0.3695025,0.4746752,3.007488,0.5709513,0.4263378,2.914629,0.6280386,0.4075346,2.863784,-0.137265,0.1594162,2.972361,-0.1307222,-0.3821198,3.014993,-0.1044813,-0.7564708,3.039718,-0.1358838,-0.8240817,3.003159,0.02589306,0.1630639,2.972217,0.01608322,-0.3831977,3.018244,-0.02236419,-0.7619163,3.052551,0.02784963,-0.8274092,3.011328,976,Make-the-letter-K,
40189182.061,-0.05741454,0.2421054,2.988188,-0.05816704,0.3025292,3.047539,-0.06582342,0.6627997,3.055336,-0.06466191,0.8326457,3.017667,-0.2462933,0.5461828,3.042678,-0.4989926,0.461844,3.019349,-0.6977909,0.3998116,2.929404,-0.7236844,0.4107365,2.915163,0.1241112,0.5577061,3.04052,0.3621598,0.4595825,3.007009,0.5626421,0.4144185,2.909915,0.6043148,0.3966795,2.86927,-0.1371133,0.1587124,2.972526,-0.1306507,-0.3822923,3.015097,-0.1050388,-0.7565703,3.039208,-0.1358356,-0.8241831,3.003031,0.0256157,0.1625568,2.97223,0.01563137,-0.3856742,3.019977,-0.02105637,-0.7608853,3.054747,0.02760825,-0.8276708,3.012048,976,Make-the-letter-K,
40189212.0627,-0.05753589,0.2401888,2.988049,-0.05824706,0.3009367,3.047525,-0.06565502,0.6624666,3.055569,-0.06464229,0.8325972,3.017748,-0.2447322,0.544318,3.042376,-0.4926027,0.4504408,3.019337,-0.6758347,0.358539,2.920971,-0.7229132,0.3839025,2.904496,0.1234997,0.5568162,3.040675,0.3555614,0.4485568,3.006701,0.5519968,0.3887751,2.909174,0.6285481,0.3548493,2.843345,-0.1369953,0.1574419,2.972398,-0.1254325,-0.3871861,3.018569,-0.1038143,-0.7577674,3.040738,-0.1361349,-0.8242599,3.002824,0.02512551,0.1613871,2.972171,0.01473325,-0.3864844,3.020482,-0.02129219,-0.762078,3.055229,0.03239628,-0.8343841,3.037785,976,Make-the-letter-K,
40189250.0649,-0.05761578,0.238829,2.987788,-0.05820009,0.2998811,3.047364,-0.06552271,0.6624128,3.055629,-0.06457611,0.8324484,3.018016,-0.2436509,0.5437372,3.04271,-0.485107,0.4434422,3.020647,-0.6721816,0.3601921,2.921734,-0.7435848,0.3477498,2.887564,0.1227681,0.5553495,3.040447,0.3540999,0.4342986,3.006596,0.5368882,0.3462129,2.902888,0.6007716,0.3269138,2.855921,-0.136859,0.156702,2.972246,-0.1252002,-0.3871396,3.018404,-0.1027033,-0.7582066,3.041475,-0.09737028,-0.8278333,3.005466,0.02462107,0.1603753,2.971969,0.01468862,-0.3867197,3.020534,-0.02151332,-0.7624713,3.055276,0.02984461,-0.8337743,3.035247,976,Make-the-letter-K,
40189282.0667,-0.05785995,0.2376598,2.987511,-0.05835,0.298692,3.047153,-0.06547645,0.6617665,3.055736,-0.06464761,0.831733,3.018088,-0.2428295,0.5423325,3.043025,-0.4819814,0.4358044,3.019414,-0.7048115,0.3357103,2.895991,-0.7373001,0.344756,2.888293,0.1225721,0.5539585,3.040379,0.3479444,0.4242074,3.008023,0.5366113,0.3405905,2.896575,0.6231048,0.2968054,2.839456,-0.1369933,0.1559065,2.972161,-0.1258966,-0.3870427,3.018633,-0.1030605,-0.7587227,3.041054,-0.1210225,-0.823706,3.005033,0.02413777,0.1591129,2.971427,0.01484103,-0.3866245,3.020669,-0.02195024,-0.761901,3.05542,0.03056651,-0.830754,3.026721,976,Make-the-letter-K,
40189312.0684,-0.05764535,0.2368694,2.987352,-0.05797981,0.2979562,3.047004,-0.06468053,0.6613997,3.055637,-0.06444737,0.8319917,3.018268,-0.2423403,0.5423846,3.04343,-0.4802664,0.4250521,3.015716,-0.7026085,0.3312905,2.896874,-0.727886,0.331838,2.884569,0.1216085,0.5529003,3.040024,0.3428688,0.4241759,3.0106,0.5260979,0.3311522,2.896132,0.6147683,0.2876676,2.839683,-0.1366468,0.155361,2.972149,-0.1260751,-0.3867547,3.018593,-0.1030461,-0.7597964,3.040036,-0.1246568,-0.8237598,3.003784,0.02400994,0.1587246,2.971302,0.01457744,-0.3866664,3.021293,-0.02229511,-0.7621456,3.054715,0.0217266,-0.8282887,3.014891,976,Make-the-letter-K,
40189350.0706,-0.05755103,0.2362059,2.987324,-0.05782469,0.2974291,3.046986,-0.06464623,0.6613729,3.055643,-0.06401231,0.8319588,3.017738,-0.2411297,0.5428429,3.044046,-0.4800647,0.42024,3.013722,-0.6620082,0.3205847,2.921605,-0.7299705,0.3197238,2.879879,0.1205985,0.5520922,3.039918,0.3385562,0.4158344,3.008667,0.5165374,0.3238706,2.899776,0.5930324,0.2721185,2.841088,-0.1363014,0.1550906,2.972287,-0.1267752,-0.3852904,3.017928,-0.1028178,-0.7593769,3.040104,-0.1312689,-0.8231834,2.999267,0.02381084,0.1583752,2.971253,0.014622,-0.3867199,3.021274,-0.02206518,-0.7622616,3.054577,0.009843369,-0.8289913,3.0122,976,Make-the-letter-K,
40189382.0724,-0.05775769,0.2352528,2.987116,-0.05797363,0.2963718,3.046716,-0.0652025,0.6599497,3.055039,-0.06389139,0.8320638,3.01822,-0.2405755,0.5424715,3.044152,-0.4779306,0.4170486,3.013101,-0.6618972,0.3201357,2.922284,-0.7375305,0.3071175,2.876997,0.1198608,0.5512516,3.039058,0.328924,0.4104665,3.010859,0.504631,0.3134739,2.902741,0.576851,0.2729129,2.850929,-0.1362336,0.1546284,2.97231,-0.1268864,-0.3851122,3.017661,-0.103516,-0.7583836,3.040012,-0.10485,-0.8238425,2.998502,0.02340668,0.1576218,2.97103,0.01557607,-0.3867379,3.02148,-0.02235147,-0.7614881,3.054145,0.007563123,-0.828472,3.01076,976,Make-the-letter-K,
40189413.0742,-0.05717983,0.2348033,2.987183,-0.05736779,0.2959743,3.046753,-0.06434443,0.6597638,3.054888,-0.06318644,0.8327954,3.019178,-0.2398161,0.5423341,3.044133,-0.4777789,0.4142218,3.012213,-0.6629437,0.3192451,2.921858,-0.7342257,0.3066568,2.879323,0.1196995,0.5511106,3.039063,0.3269594,0.4092704,3.010902,0.5025517,0.3105047,2.904429,0.5722443,0.2724611,2.856196,-0.1353889,0.1542544,2.972436,-0.1268625,-0.3847992,3.017262,-0.1033618,-0.7585962,3.039949,-0.1309403,-0.8178037,3.000241,0.02362167,0.1574621,2.97117,0.01537142,-0.3869752,3.021407,-0.02288465,-0.7619945,3.053677,0.01412372,-0.8280563,3.01172,976,Make-the-letter-K,
40189450.0763,-0.05698259,0.2343667,2.987404,-0.05729382,0.2956069,3.046959,-0.06426939,0.6596642,3.054987,-0.06289793,0.8325498,3.019146,-0.2388983,0.5422083,3.043747,-0.4757917,0.4131941,3.011655,-0.6617086,0.3191569,2.921968,-0.7319597,0.3056001,2.879462,0.1196643,0.5508653,3.039356,0.3251519,0.4084459,3.010388,0.501222,0.3078259,2.906872,0.5761731,0.2618906,2.850493,-0.1350645,0.1539542,2.972641,-0.1271438,-0.385372,3.017202,-0.1048552,-0.7583208,3.039119,-0.1322638,-0.8179047,2.999859,0.0236984,0.1571257,2.971493,0.01559455,-0.387444,3.021491,-0.02280153,-0.762383,3.053716,0.01589766,-0.8286789,3.012546,976,Make-the-letter-K,
40189481.0781,-0.05690112,0.2343147,2.987374,-0.05720597,0.2955118,3.046926,-0.06404336,0.6593736,3.054965,-0.06295229,0.8326462,3.018984,-0.2388047,0.5418019,3.043814,-0.4755702,0.4124741,3.011712,-0.6616943,0.3191473,2.921656,-0.7304913,0.3058673,2.880099,0.1195936,0.5508555,3.039588,0.3240417,0.4068062,3.010189,0.5001291,0.305806,2.907136,0.5773866,0.2593299,2.850567,-0.1349506,0.1539109,2.972616,-0.1271206,-0.385357,3.017149,-0.1036755,-0.7586347,3.039146,-0.1318682,-0.8183392,3.000632,0.02374279,0.1570722,2.971466,0.01594262,-0.3869953,3.021315,-0.02283984,-0.7619364,3.052971,0.02331795,-0.8295112,3.015084,976,Make-the-letter-K,
40189512.0798,-0.05657743,0.2339701,2.987407,-0.0569278,0.2951654,3.046936,-0.06300662,0.6590009,3.054755,-0.0626297,0.8325596,3.018775,-0.2378217,0.5417222,3.043408,-0.47553,0.4122717,3.011623,-0.6618081,0.3191242,2.921724,-0.7302152,0.3053962,2.879539,0.1197711,0.5509146,3.040129,0.3236211,0.4064755,3.010076,0.5000437,0.3045237,2.90879,0.5713332,0.2669498,2.858476,-0.1346101,0.1537112,2.972523,-0.1263384,-0.3854432,3.016599,-0.1046998,-0.758829,3.038983,-0.1338864,-0.8192092,3.002307,0.0238993,0.156716,2.97177,0.01626147,-0.3862,3.020663,-0.02230486,-0.7619269,3.052727,0.02238974,-0.8295417,3.015011,976,Make-the-letter-K,
40189549.082,-0.05651491,0.2335824,2.987325,-0.05676741,0.2948333,3.046855,-0.06282275,0.6589065,3.054692,-0.06262763,0.8325605,3.018767,-0.237803,0.5413992,3.04325,-0.4555117,0.4127592,3.015478,-0.650881,0.3251049,2.927956,-0.7343609,0.3042545,2.878232,0.1188267,0.5500115,3.039372,0.3235158,0.4060411,3.010075,0.5001894,0.3044332,2.908897,0.5702408,0.2689853,2.859689,-0.1345073,0.1535131,2.972453,-0.1267588,-0.3854005,3.016454,-0.104693,-0.7588334,3.038964,-0.1350916,-0.819504,3.001776,0.02382141,0.1564082,2.971778,0.01616099,-0.3864101,3.020691,-0.02264033,-0.7613831,3.053446,0.02249512,-0.8293244,3.014154,976,Make-the-letter-K,
40189583.0839,-0.0564106,0.2335171,2.987324,-0.05653832,0.2947233,3.046833,-0.06176764,0.6582185,3.054347,-0.06248523,0.832535,3.019094,-0.2377966,0.5411664,3.043476,-0.453793,0.41209,3.017392,-0.650223,0.3255416,2.928203,-0.7395989,0.3035413,2.876252,0.1189884,0.5496971,3.039346,0.3231107,0.4048389,3.010993,0.4999468,0.3035112,2.909819,0.5725851,0.2642651,2.857516,-0.1344369,0.1533679,2.972469,-0.1269069,-0.3851826,3.016391,-0.1043429,-0.7585839,3.039582,-0.1350492,-0.8195541,3.001315,0.02387398,0.1563522,2.971792,0.01642594,-0.3865144,3.020627,-0.02246227,-0.7611158,3.053513,0.0219518,-0.8290473,3.01366,976,Make-the-letter-K,
40189612.0856,-0.05638251,0.233488,2.987317,-0.0565956,0.2947059,3.046807,-0.06172814,0.6580657,3.054029,-0.06241852,0.8324471,3.018979,-0.2377568,0.5411547,3.043508,-0.4463126,0.4152498,3.019569,-0.6503119,0.3254703,2.928146,-0.7385458,0.3035696,2.876001,0.1190478,0.5497703,3.040038,0.3224407,0.404883,3.011142,0.499419,0.3036152,2.910188,0.5720278,0.2645531,2.85842,-0.1343857,0.153329,2.972478,-0.1274436,-0.3814882,3.013699,-0.1038716,-0.7566864,3.039877,-0.07169129,-0.8245437,3.007623,0.02388847,0.1563118,2.971816,0.01757119,-0.3850338,3.019929,-0.02223676,-0.7611652,3.053195,0.02179857,-0.8287898,3.014123,976,Make-the-letter-K,
40189649.0877,-0.05632554,0.2330225,2.987159,-0.0565594,0.2943218,3.046719,-0.06151783,0.6580656,3.054239,-0.06231572,0.8322799,3.01946,-0.2375125,0.5408321,3.043303,-0.4469097,0.4149097,3.020163,-0.6511284,0.3248087,2.927001,-0.7391439,0.3026336,2.873554,0.1188898,0.5493453,3.040163,0.3221016,0.4037492,3.011432,0.5004556,0.303478,2.912153,0.5709354,0.2672836,2.859679,-0.134301,0.1530323,2.972186,-0.1248001,-0.3869903,3.016762,-0.1038058,-0.7568005,3.039552,-0.142401,-0.8234041,2.990849,0.02380685,0.1558962,2.971767,0.01750022,-0.3853743,3.020079,-0.02306168,-0.76083,3.053229,0.01326143,-0.8284186,3.008722,976,Make-the-letter-K,
40189682.0896,-0.05632234,0.2329654,2.987119,-0.0564805,0.2942403,3.046682,-0.06134927,0.6579696,3.054295,-0.06246071,0.8324341,3.019742,-0.237442,0.5409575,3.043566,-0.4470205,0.4148947,3.020143,-0.6509802,0.3250387,2.927255,-0.7397189,0.3024558,2.872835,0.1187573,0.549121,3.039973,0.3220414,0.4036996,3.01152,0.5002953,0.3028092,2.912766,0.5703567,0.2670576,2.860952,-0.1342884,0.1529668,2.972148,-0.1241485,-0.3875136,3.016824,-0.1047985,-0.7582075,3.036401,-0.1418831,-0.8253759,2.993332,0.02375331,0.1558745,2.971713,0.01768982,-0.3856808,3.020406,-0.02287945,-0.7626044,3.052412,0.01244114,-0.8283057,3.008984,976,Make-the-letter-K,
40189713.0913,-0.05630264,0.2329038,2.98709,-0.05656273,0.2941833,3.046659,-0.06135097,0.6579719,3.054299,-0.06218798,0.8323688,3.01963,-0.2374126,0.5408005,3.043543,-0.4684199,0.4091178,3.012347,-0.658168,0.3214956,2.9245,-0.733747,0.304246,2.876173,0.1189039,0.54908,3.040657,0.3223456,0.4037154,3.011382,0.5005757,0.3025476,2.912908,0.5696551,0.267005,2.862683,-0.1342691,0.1528804,2.972136,-0.1243391,-0.3874653,3.016795,-0.1044299,-0.7586091,3.037016,-0.1441351,-0.8267866,3.002642,0.02378184,0.1557829,2.971647,0.01520786,-0.3881843,3.020741,-0.02256149,-0.7627175,3.052601,0.01525106,-0.8290926,3.009315,976,Make-the-letter-K,
40189750.0935,-0.05637272,0.2324287,2.987,-0.0566046,0.293701,3.046657,-0.06108763,0.6578354,3.055104,-0.06217159,0.8324921,3.019874,-0.2372526,0.5407248,3.04349,-0.4696323,0.4085715,3.01223,-0.6591355,0.3206714,2.924085,-0.7332777,0.303169,2.876244,0.1185366,0.5486696,3.040732,0.3220567,0.4033014,3.011403,0.5003529,0.301966,2.913271,0.581142,0.2599632,2.858002,-0.1342931,0.1526013,2.972016,-0.1253688,-0.3867227,3.016096,-0.1049025,-0.7593828,3.035399,-0.1427093,-0.8258263,3.00187,0.02357267,0.1554973,2.9715,0.01532511,-0.3881479,3.020773,-0.02259807,-0.7620209,3.052961,0.02081521,-0.8292124,3.016065,976,Make-the-letter-K,
40189781.0952,-0.05634539,0.2324328,2.98697,-0.05657038,0.2936888,3.046639,-0.06105124,0.6578408,3.055162,-0.06188427,0.8321395,3.020362,-0.2371774,0.5408087,3.043575,-0.4741907,0.4061976,3.011601,-0.6624401,0.3171145,2.921693,-0.7311029,0.3004655,2.876179,0.1183376,0.5490767,3.04082,0.3211512,0.4032294,3.011648,0.4990761,0.3004006,2.91455,0.5703451,0.2628726,2.861888,-0.1342278,0.1526273,2.971962,-0.1269604,-0.384923,3.015695,-0.104995,-0.759226,3.036317,-0.1052322,-0.8294749,3.00619,0.02357474,0.1555252,2.97146,0.01571773,-0.3872696,3.020666,-0.02157927,-0.7620504,3.052675,0.02094534,-0.8290206,3.015821,976,Make-the-letter-K,
40189813.0971,-0.05635752,0.232257,2.986953,-0.05658696,0.2935397,3.046635,-0.06102001,0.6578393,3.0552,-0.06185381,0.8321645,3.020288,-0.2371128,0.5407458,3.043499,-0.4740833,0.4053088,3.010782,-0.661985,0.3143624,2.922236,-0.7278367,0.2953015,2.87221,0.118152,0.5489765,3.040879,0.3207668,0.4027342,3.01201,0.4975278,0.297538,2.915392,0.5698893,0.2526292,2.856697,-0.1342094,0.1525349,2.971988,-0.1272264,-0.3846377,3.015642,-0.1051423,-0.759357,3.036348,-0.1314007,-0.827275,3.006625,0.02347984,0.1553859,2.971401,0.0147659,-0.3877065,3.020737,-0.02123264,-0.7625995,3.055105,0.007016495,-0.8298459,3.013355,976,Make-the-letter-K,
40189849.0991,-0.05643728,0.2320871,2.987028,-0.05666757,0.2933915,3.046718,-0.06101534,0.6578669,3.055378,-0.06192815,0.8321164,3.020329,-0.2370172,0.5407232,3.043385,-0.4692639,0.4051268,3.014649,-0.6546226,0.3115407,2.923063,-0.7399512,0.2588189,2.865078,0.1179829,0.5487725,3.040896,0.3209513,0.4027188,3.012672,0.4954303,0.2954894,2.913846,0.5701423,0.2386723,2.847245,-0.13425,0.1523923,2.972046,-0.1274874,-0.3842006,3.015551,-0.1050208,-0.7586274,3.03632,-0.1331676,-0.8265293,3.004441,0.02331422,0.1553003,2.971493,0.01496961,-0.3874313,3.020883,-0.0219486,-0.7621046,3.053762,0.0113332,-0.8283761,3.011598,976,Make-the-letter-K,
40189881.1009,-0.05645554,0.2320573,2.987077,-0.0567743,0.2933687,3.046757,-0.06095545,0.6578972,3.055409,-0.06156308,0.8320073,3.020315,-0.2369145,0.5407671,3.043346,-0.4683931,0.40161,3.017046,-0.6478467,0.2948161,2.914004,-0.740325,0.2483658,2.860268,0.1179109,0.5487262,3.041555,0.3203395,0.3987561,3.012065,0.4899427,0.2800212,2.907383,0.5832133,0.2037031,2.84234,-0.1342714,0.1523613,2.972172,-0.1267501,-0.3845123,3.015439,-0.1049629,-0.7589864,3.036493,-0.1352086,-0.8268428,3.004477,0.02324725,0.1552857,2.971534,0.01437294,-0.3884466,3.021222,-0.02197628,-0.7621453,3.053789,0.01344177,-0.8287989,3.01399,976,Make-the-letter-K,
40189912.1027,-0.05646381,0.2319761,2.987111,-0.05690809,0.2932975,3.046788,-0.06093965,0.6578941,3.055418,-0.0617361,0.8318225,3.019474,-0.2367198,0.5405504,3.042974,-0.4596639,0.3930473,3.021567,-0.6476419,0.2786754,2.909905,-0.7328035,0.2286962,2.866004,0.1177407,0.54866,3.042148,0.3184021,0.3927314,3.013542,0.4878599,0.2741124,2.908408,0.5799878,0.1915255,2.842903,-0.134273,0.152306,2.97216,-0.1278027,-0.3850214,3.015639,-0.103471,-0.7595509,3.037485,-0.1355837,-0.826878,3.004384,0.02318912,0.1552213,2.971693,0.01413387,-0.3883693,3.021202,-0.02219435,-0.7617056,3.053979,0.01618567,-0.8287055,3.013645,976,Make-the-letter-K,
40189951.1049,-0.0566442,0.2318586,2.987286,-0.05709577,0.2931646,3.046954,-0.06116017,0.6577533,3.055536,-0.06194205,0.8315405,3.019313,-0.2367129,0.5405464,3.042889,-0.4635862,0.3776192,3.01418,-0.6453811,0.2559327,2.909647,-0.7341691,0.173966,2.859251,0.1176159,0.5486013,3.042067,0.3174388,0.3845333,3.011101,0.4836303,0.2456075,2.899352,0.56405,0.1773739,2.845051,-0.1344724,0.152154,2.972494,-0.1284109,-0.384595,3.015482,-0.1041236,-0.7597919,3.037419,-0.1346458,-0.8257979,3.005597,0.02301682,0.1551754,2.971794,0.01410122,-0.3883102,3.02105,-0.02215135,-0.7608411,3.054051,0.01769203,-0.8283907,3.013285,976,Make-the-letter-K,
40189980.1066,-0.05676102,0.2315873,2.987508,-0.05723891,0.2929138,3.047164,-0.06143557,0.65763,3.055688,-0.06186146,0.8311479,3.018883,-0.2366157,0.5404636,3.043445,-0.4581988,0.3717359,3.011676,-0.6385409,0.2286597,2.912252,-0.7148666,0.163604,2.859324,0.117325,0.5486172,3.042662,0.3106612,0.3750568,3.014252,0.4742098,0.2257541,2.896828,0.5473525,0.1539863,2.84499,-0.1345337,0.1518779,2.972839,-0.1279721,-0.3847627,3.015224,-0.1040587,-0.7597568,3.037335,-0.1343788,-0.8256839,3.00425,0.02291097,0.1550277,2.971945,0.01372867,-0.3887251,3.020846,-0.0234974,-0.7607767,3.052775,0.0204326,-0.8286521,3.012168,976,Make-the-letter-K,
40190017.1087,-0.0568361,0.2314059,2.987631,-0.05730325,0.2928239,3.047256,-0.06119659,0.6579386,3.055847,-0.06194256,0.831395,3.018678,-0.2365268,0.5403512,3.043151,-0.4500761,0.3615583,3.009855,-0.6294033,0.2135464,2.908873,-0.6882182,0.1338834,2.859792,0.117173,0.5484954,3.042652,0.304074,0.3674444,3.01416,0.4564316,0.212197,2.901868,0.5176506,0.1220954,2.851621,-0.1346556,0.1516957,2.973197,-0.1292242,-0.3840908,3.015302,-0.1055555,-0.7617762,3.035895,-0.135853,-0.8266355,3.004436,0.02275432,0.1548938,2.971973,0.01081392,-0.3899788,3.021428,-0.02373722,-0.7609407,3.052437,0.0203264,-0.8286993,3.012525,976,Make-the-letter-K,
40190049.1106,-0.05689028,0.2310906,2.987719,-0.05734508,0.2924022,3.047367,-0.06181028,0.6572431,3.056142,-0.06211025,0.8312179,3.018513,-0.2365444,0.5396696,3.043433,-0.4371452,0.3463213,3.012569,-0.6146448,0.1638569,2.899473,-0.6783921,0.09332195,2.862391,0.1164806,0.548318,3.042536,0.3003883,0.3547992,3.01503,0.452709,0.159135,2.88399,0.5029029,0.09536991,2.857538,-0.1345971,0.1514057,2.973358,-0.1281162,-0.3837892,3.015652,-0.1052021,-0.7604643,3.036669,-0.1042956,-0.8298253,3.004567,0.0227186,0.1548215,2.971981,0.01161663,-0.3886368,3.020941,-0.02369281,-0.7609457,3.052399,0.02021895,-0.8284408,3.01245,976,Make-the-letter-K,
40190082.1124,-0.05690924,0.2305562,2.987855,-0.05738301,0.2920005,3.047486,-0.0614195,0.6572118,3.056215,-0.06231221,0.8315257,3.018258,-0.2359481,0.5392162,3.042727,-0.4353065,0.3265701,3.011189,-0.6057717,0.1459791,2.900676,-0.658999,0.07837822,2.865247,0.1162213,0.5482243,3.042541,0.2917519,0.3466651,3.015874,0.4325523,0.1507497,2.88822,0.4736896,0.0723736,2.856702,-0.134571,0.1511929,2.973633,-0.1282852,-0.3833939,3.015388,-0.1045675,-0.7582,3.037499,-0.1333104,-0.8230611,2.999244,0.02246862,0.1543645,2.972012,0.01078386,-0.3884527,3.020566,-0.023789,-0.760985,3.052457,0.01992137,-0.8283473,3.012243,976,Make-the-letter-K,
40190117.1144,-0.05695099,0.2300823,2.98789,-0.05721345,0.2916127,3.047469,-0.06141798,0.6570109,3.055921,-0.06234551,0.8312458,3.018052,-0.2358204,0.5390899,3.042513,-0.4276,0.3129709,3.012976,-0.5766134,0.1240174,2.908634,-0.6326382,0.04167639,2.870849,0.1147435,0.547025,3.040735,0.280322,0.3300302,3.019055,0.4163869,0.1180041,2.892529,0.4512392,0.05131169,2.860755,-0.1344652,0.1508188,2.973993,-0.1287996,-0.3835285,3.015656,-0.1046072,-0.7578612,3.037616,-0.1333126,-0.8229129,2.999017,0.02231045,0.1541513,2.971966,0.01076193,-0.3885618,3.020567,-0.02378161,-0.7609461,3.052519,0.02006444,-0.8282605,3.011769,976,Make-the-letter-K,
40190149.1163,-0.05700051,0.2297865,2.987997,-0.05719572,0.2914241,3.047534,-0.06174728,0.6570333,3.055744,-0.0624923,0.8312699,3.01768,-0.2357591,0.5390871,3.04267,-0.4183516,0.3058479,3.015846,-0.5454258,0.1148154,2.920427,-0.600432,0.02786581,2.892846,0.114172,0.546828,3.040175,0.2715098,0.322456,3.020149,0.4043881,0.1040748,2.897539,0.4292439,0.02946005,2.869097,-0.1343557,0.1505821,2.974219,-0.1254874,-0.3849352,3.015934,-0.1046181,-0.7615013,3.037212,-0.1206895,-0.8288466,3.00483,0.02220617,0.154011,2.97209,0.01067484,-0.3885152,3.020336,-0.02450277,-0.7612506,3.052334,0.03318617,-0.8305105,3.029855,976,Make-the-letter-K,
40190181.1181,-0.0569886,0.2294733,2.988002,-0.05708126,0.2911538,3.047525,-0.06174375,0.6569728,3.055692,-0.06270859,0.8314862,3.016123,-0.2356291,0.5389649,3.042739,-0.4016848,0.2996978,3.01753,-0.5327662,0.1048806,2.929359,-0.5803649,0.01324026,2.903222,0.1139033,0.5451346,3.039228,0.263803,0.31404,3.022706,0.382787,0.08706864,2.905449,0.4029879,0.01460871,2.882204,-0.1343031,0.1504532,2.974258,-0.1258,-0.384203,3.015623,-0.1044047,-0.7616999,3.037447,-0.1048392,-0.8278542,2.999163,0.02214267,0.1537147,2.97212,0.01096247,-0.3884546,3.020032,-0.02436485,-0.7610795,3.052371,0.02949633,-0.8281921,3.022279,976,Make-the-letter-K,
40190217.1202,-0.05696344,0.2294439,2.988037,-0.05702385,0.2911406,3.047558,-0.06161768,0.6571772,3.055761,-0.06303649,0.8320851,3.015832,-0.2356561,0.5389599,3.042764,-0.394723,0.2968409,3.018896,-0.5101704,0.08904476,2.92407,-0.5561488,-0.004399724,2.901688,0.1137461,0.5450024,3.039033,0.2569673,0.3086095,3.023557,0.3558857,0.07525526,2.918553,0.3840777,-0.004144032,2.889405,-0.1342504,0.1504432,2.974303,-0.1261268,-0.3838603,3.015637,-0.1056254,-0.7603019,3.036556,-0.1357797,-0.8248757,2.997179,0.02213191,0.153686,2.972166,0.01090179,-0.3887139,3.019928,-0.02386273,-0.7611093,3.052626,0.01598613,-0.8265636,3.00736,976,Make-the-letter-K,
40190249.122,-0.05697288,0.2290582,2.988008,-0.05700219,0.2907926,3.04752,-0.06168706,0.6570333,3.055674,-0.0631601,0.8316616,3.015805,-0.2357413,0.5389389,3.042826,-0.3795331,0.2941407,3.021322,-0.4897641,0.09519028,2.933944,-0.5262819,-0.0007344782,2.905452,0.1133227,0.5444244,3.03868,0.2487624,0.3033122,3.025392,0.3439263,0.07171182,2.928619,0.3680218,-0.01142633,2.904781,-0.1342049,0.1501296,2.974308,-0.1262867,-0.3846727,3.015589,-0.1055533,-0.7603278,3.036579,-0.1350136,-0.8239388,2.997742,0.0220877,0.1533721,2.972169,0.01100137,-0.3886524,3.019957,-0.0261497,-0.7619838,3.051709,0.02621741,-0.8301628,3.020993,976,Make-the-letter-K,
40190283.1239,-0.05705412,0.2283563,2.987862,-0.05718847,0.2902471,3.04737,-0.06174958,0.6569822,3.05551,-0.06309371,0.8314101,3.014973,-0.2356553,0.5380506,3.042025,-0.3679192,0.294498,3.021918,-0.4752904,0.08580352,2.935322,-0.5044212,-0.01063707,2.900715,0.1129391,0.5430315,3.038518,0.2412116,0.293754,3.027858,0.3326197,0.05983939,2.932053,0.3464185,-0.02094247,2.907587,-0.1342226,0.1496777,2.974206,-0.1276268,-0.3840596,3.015238,-0.105526,-0.7602988,3.036769,-0.1357756,-0.8240752,2.998165,0.02195023,0.1527332,2.972141,0.01133985,-0.3884934,3.019679,-0.02539235,-0.7617462,3.052007,0.02403597,-0.8297844,3.02088,976,Make-the-letter-K,
40190316.1258,-0.05690978,0.2277061,2.987898,-0.05711018,0.2897146,3.047404,-0.0616113,0.6568961,3.055497,-0.06334625,0.8314928,3.014996,-0.2350435,0.537987,3.041183,-0.3629956,0.2879825,3.019905,-0.4553249,0.05642009,2.937292,-0.4877894,-0.02088474,2.903965,0.1126935,0.5422518,3.038072,0.2343538,0.2902404,3.028516,0.3207123,0.05501714,2.935532,0.3316718,-0.02268868,2.910224,-0.1339917,0.1492277,2.974178,-0.127835,-0.3848637,3.015741,-0.1050404,-0.760655,3.037258,-0.1344885,-0.8251783,2.999572,0.02191523,0.1523801,2.972307,0.01218904,-0.3888181,3.019983,-0.0247706,-0.7620019,3.052568,0.02554527,-0.8302605,3.022234,976,Make-the-letter-K,
40190349.1277,-0.05678924,0.2275484,2.987874,-0.05703061,0.2895825,3.047402,-0.06150784,0.6569347,3.055574,-0.06330252,0.8313216,3.015218,-0.2349668,0.5373807,3.04085,-0.3560825,0.2845159,3.020278,-0.4491239,0.05122321,2.932689,-0.4679389,-0.02416438,2.908415,0.1126915,0.5422492,3.038065,0.2262637,0.2882645,3.031562,0.3011674,0.05157159,2.945446,0.3102151,-0.02329395,2.917121,-0.133847,0.1490295,2.974194,-0.1278967,-0.3848357,3.015707,-0.105017,-0.7606909,3.037232,-0.08675617,-0.8279876,3.005929,0.02200416,0.1522869,2.972237,0.01413627,-0.3880652,3.019752,-0.02484507,-0.7619357,3.052784,0.02544593,-0.8298541,3.021414,976,Make-the-letter-K,
40190381.1295,-0.05665513,0.2270723,2.987815,-0.05702739,0.2892237,3.047328,-0.06140835,0.6569278,3.055419,-0.06326774,0.8312681,3.015242,-0.2351393,0.536779,3.040173,-0.349921,0.2782387,3.021187,-0.4359266,0.04653131,2.932237,-0.4496929,-0.03224772,2.907212,0.1127902,0.5414801,3.038184,0.2202476,0.2809883,3.031324,0.2765721,0.03451718,2.946331,0.2857071,-0.0352455,2.910997,-0.1337238,0.1485674,2.974139,-0.1286101,-0.3843641,3.015649,-0.1046591,-0.7609863,3.037148,-0.1418449,-0.8237852,2.995753,0.0221563,0.1515906,2.972264,0.0144189,-0.3879676,3.019741,-0.02325199,-0.760141,3.052518,0.0257569,-0.8296219,3.019789,976,Make-the-letter-K,
40190417.1316,-0.05629875,0.22663,2.987782,-0.05673702,0.2888139,3.047311,-0.06134741,0.6568007,3.055429,-0.06335588,0.8307385,3.015132,-0.2350906,0.5367901,3.0401,-0.3452133,0.2722194,3.020424,-0.4246784,0.04151093,2.932011,-0.4314892,-0.03316012,2.907999,0.1125102,0.5409546,3.038084,0.2086142,0.2761896,3.03215,0.2721269,0.03215807,2.945505,0.27671,-0.05113141,2.917144,-0.1332309,0.1482657,2.974002,-0.1288225,-0.3838481,3.015389,-0.105598,-0.7604605,3.036598,-0.1417572,-0.8237606,2.995872,0.02242915,0.1512395,2.972351,0.01466676,-0.3875006,3.019594,-0.023827,-0.7614486,3.052615,0.02091441,-0.8287959,3.016129,976,Make-the-letter-K,
40190449.1334,-0.05541513,0.2264303,2.987856,-0.05637,0.2885428,3.04733,-0.06127992,0.655987,3.055112,-0.06232176,0.8301857,3.015006,-0.2348288,0.5367573,3.039856,-0.3345764,0.2715196,3.021098,-0.4063056,0.03526618,2.93,-0.4108211,-0.05990962,2.898038,0.1142473,0.5400553,3.039767,0.206419,0.2735927,3.034186,0.2621894,0.0331408,2.950421,0.2599463,-0.04038993,2.920864,-0.132034,0.1479045,2.973681,-0.1288712,-0.3863928,3.016837,-0.1055346,-0.7608176,3.036813,-0.1416348,-0.8246236,2.996798,0.02386846,0.1507354,2.972979,0.01567966,-0.3865553,3.019227,-0.02301556,-0.7608304,3.052255,0.02113808,-0.8286546,3.015674,976,Make-the-letter-K,
40190481.1353,-0.05447853,0.225528,2.987835,-0.0554659,0.2877357,3.047281,-0.0602266,0.6556386,3.054858,-0.06228871,0.8299747,3.014988,-0.2343592,0.5362043,3.038711,-0.3262357,0.2716135,3.018113,-0.3992482,0.03565981,2.931179,-0.4076986,-0.06049602,2.89873,0.1138685,0.5390352,3.039042,0.2024682,0.271461,3.036512,0.2552116,0.0341017,2.951928,0.2539513,-0.03881443,2.922257,-0.1310605,0.1471681,2.973558,-0.128846,-0.3868525,3.017102,-0.1058011,-0.7614667,3.036332,-0.1416821,-0.8247585,2.997091,0.0244321,0.1501633,2.973176,0.01617036,-0.3867053,3.0192,-0.02159241,-0.7609642,3.052853,0.02169889,-0.8280236,3.014568,976,Make-the-letter-K,
40190516.1373,-0.05349937,0.2249703,2.988098,-0.05463598,0.2871245,3.047504,-0.0596263,0.654784,3.054832,-0.06157266,0.8286503,3.013161,-0.2335,0.5359316,3.038279,-0.3230934,0.268508,3.018169,-0.3911933,0.03582081,2.928611,-0.399044,-0.06453793,2.895878,0.1140714,0.5385309,3.039212,0.2004451,0.2708064,3.038968,0.2453213,0.03813117,2.951758,0.2433513,-0.03691021,2.915009,-0.1299491,0.1468483,2.973594,-0.128793,-0.3868005,3.017021,-0.105317,-0.7610632,3.036818,-0.1408666,-0.8249345,2.998553,0.02543089,0.1495491,2.973829,0.01818197,-0.3864347,3.019573,-0.02110932,-0.7616625,3.051612,0.02223916,-0.8280255,3.015777,976,Make-the-letter-K,
40190549.1392,-0.05177625,0.2246307,2.988217,-0.05303904,0.2868378,3.047497,-0.05695242,0.6541438,3.053814,-0.05993735,0.8276002,3.011796,-0.2323277,0.5352994,3.037779,-0.3189869,0.2679745,3.016127,-0.3842057,0.03505961,2.921421,-0.3909595,-0.0636487,2.888818,0.115129,0.5387419,3.040679,0.1994488,0.2697253,3.040358,0.2418232,0.03655908,2.95084,0.2423902,-0.03475112,2.917475,-0.1282782,0.1465701,2.973866,-0.1288656,-0.3860679,3.016725,-0.1036339,-0.7591254,3.038121,-0.1402343,-0.8198278,3.000386,0.02689765,0.1492011,2.974073,0.0202102,-0.3850277,3.01962,-0.02095946,-0.7616405,3.051514,0.01596493,-0.8281197,3.013503,976,Make-the-letter-K,
40190582.141,-0.05127409,0.2241192,2.98859,-0.05250602,0.2863204,3.047878,-0.05554587,0.6537735,3.054251,-0.05985705,0.8263134,3.010777,-0.2312991,0.5351793,3.037473,-0.3135284,0.2666209,3.014401,-0.3771209,0.04088941,2.918492,-0.3877183,-0.05976567,2.885285,0.1154913,0.5375463,3.04083,0.1991354,0.2699712,3.040358,0.2428645,0.04545307,2.952667,0.2421774,-0.03414989,2.917081,-0.1278497,0.1462985,2.974178,-0.1289856,-0.386013,3.01679,-0.1044335,-0.7596498,3.037747,-0.1397315,-0.8205005,3.000795,0.02714438,0.1487729,2.974486,0.02124606,-0.3843107,3.019918,-0.02157316,-0.7612954,3.051666,0.01106044,-0.8274136,3.010862,976,Make-the-letter-K,
40190616.143,-0.04958571,0.2236229,2.989537,-0.05131743,0.2858328,3.048642,-0.05392252,0.6527432,3.054124,-0.05837234,0.8257544,3.008588,-0.2288724,0.5351051,3.036721,-0.306918,0.2729243,3.012337,-0.3648697,0.0675904,2.919317,-0.3744607,-0.01777626,2.873512,0.1180724,0.5373544,3.043304,0.1992337,0.2704271,3.040464,0.2436645,0.04476546,2.952404,0.2452651,-0.03215468,2.916304,-0.1262189,0.1459244,2.974941,-0.128886,-0.3861241,3.016799,-0.1060097,-0.7612372,3.036239,-0.1390908,-0.8207963,3.000983,0.02899811,0.1480601,2.976153,0.02216981,-0.3839031,3.019844,-0.02114592,-0.7613407,3.051541,0.01485405,-0.8277204,3.011897,976,Make-the-letter-K,
40190649.1449,-0.04788689,0.223457,2.990725,-0.04954544,0.2856938,3.049717,-0.05082603,0.6521948,3.054425,-0.05575486,0.8235559,3.00652,-0.2277427,0.534797,3.036813,-0.3050635,0.2777486,3.010313,-0.3645802,0.06770216,2.918234,-0.373283,-0.01865678,2.872511,0.1192159,0.5386091,3.044565,0.1997613,0.2710002,3.040207,0.2487575,0.04622097,2.951744,0.2542721,-0.02701279,2.917044,-0.1245653,0.145685,2.976292,-0.128975,-0.3861345,3.016984,-0.1066712,-0.7615386,3.035193,-0.1393351,-0.8212228,3.000368,0.03030568,0.1479982,2.977414,0.0221254,-0.384238,3.019836,-0.0211357,-0.7613494,3.05158,0.01660012,-0.827508,3.011509,976,Make-the-letter-K,
40190682.1468,-0.04691574,0.2235599,2.991711,-0.04933921,0.2857633,3.050449,-0.05107497,0.6519129,3.054604,-0.05278969,0.8230199,3.006842,-0.2258829,0.5346607,3.036024,-0.3044066,0.2772705,3.009485,-0.3627042,0.05793309,2.90639,-0.3717894,-0.02356053,2.869664,0.1217806,0.5398378,3.046891,0.202324,0.2723044,3.038084,0.2528141,0.04745404,2.949294,0.2566662,-0.02796176,2.915324,-0.1231627,0.1457188,2.977474,-0.1287839,-0.3864425,3.017408,-0.1082098,-0.7603019,3.034475,-0.1390972,-0.8212231,3.000176,0.031657,0.1480666,2.978709,0.02327765,-0.3832487,3.019528,-0.02109217,-0.7614725,3.051924,0.01724161,-0.8273864,3.011426,976,Make-the-letter-K,
40190716.1487,-0.04600509,0.2237298,2.99279,-0.04852798,0.2860878,3.051391,-0.05013379,0.6523386,3.054771,-0.05101923,0.8262295,3.004333,-0.2238604,0.5350368,3.035698,-0.3030393,0.2775556,3.008815,-0.3591672,0.0461014,2.898778,-0.3668691,-0.02832656,2.86575,0.1250165,0.5398946,3.047559,0.2062891,0.2732807,3.036964,0.2635179,0.03764596,2.941639,0.2588036,-0.03545812,2.912793,-0.1225567,0.145882,2.978332,-0.1282389,-0.3847049,3.016294,-0.1089397,-0.7598441,3.034373,-0.1394568,-0.8216046,2.999468,0.03273505,0.1478021,2.980344,0.02365931,-0.3834051,3.019558,-0.01811151,-0.7599667,3.05323,0.01734185,-0.8273956,3.011384,976,Make-the-letter-K,
40190749.1506,-0.04480693,0.2244568,2.99379,-0.04794779,0.2867508,3.052119,-0.04997978,0.6523995,3.054702,-0.05018992,0.8256515,3.003805,-0.2227208,0.5355982,3.035503,-0.3024475,0.2733099,3.00667,-0.3553556,0.03379386,2.888821,-0.3590961,-0.0459712,2.866393,0.1294442,0.5432386,3.050759,0.2085549,0.272644,3.035841,0.2647494,0.03758792,2.942363,0.2607281,-0.03532407,2.912934,-0.1214954,0.1461901,2.979451,-0.1279801,-0.3844032,3.01573,-0.108802,-0.7604405,3.033825,-0.1396448,-0.8224313,3.000114,0.03426115,0.1483049,2.981471,0.02386728,-0.3833672,3.019392,-0.01841831,-0.7601318,3.053145,0.017978,-0.8279222,3.012302,976,Make-the-letter-K,
40190781.1524,-0.04404806,0.224109,2.994882,-0.04732583,0.2865437,3.053019,-0.0503912,0.6521568,3.054916,-0.04804797,0.8241782,3.003172,-0.2214902,0.5357006,3.035665,-0.3012298,0.2734058,3.005748,-0.3549185,0.03422856,2.888941,-0.3580977,-0.04654209,2.866892,0.1298113,0.5423598,3.049809,0.2109971,0.2711886,3.034024,0.2662691,0.03625948,2.941931,0.2617644,-0.03665795,2.912588,-0.1203524,0.1459403,2.98059,-0.1278787,-0.3842755,3.015651,-0.1094704,-0.7610121,3.032355,-0.1392013,-0.8232899,2.999502,0.03534797,0.1478494,2.983114,0.02490579,-0.3832988,3.0196,-0.01851656,-0.760213,3.053168,0.01580445,-0.8281102,3.008953,976,Make-the-letter-K,
40190818.1545,-0.04267578,0.2246954,2.996373,-0.04610701,0.2872083,3.054176,-0.04920558,0.6521618,3.054504,-0.04614859,0.8238369,3.001486,-0.2197103,0.5362971,3.036103,-0.2967461,0.2752962,3.00484,-0.3491082,0.03094686,2.888775,-0.3503293,-0.05160462,2.865614,0.1324522,0.5427601,3.051216,0.2122348,0.2716087,3.033427,0.267266,0.03148169,2.938987,0.2694401,-0.05524022,2.915395,-0.1192708,0.1463037,2.982242,-0.1279379,-0.3839996,3.014319,-0.1093531,-0.7611086,3.03241,-0.1392176,-0.8233486,2.999607,0.03688532,0.1481222,2.985025,0.02541525,-0.3834886,3.020206,-0.01704871,-0.7588886,3.052818,0.01770764,-0.827856,3.012638,976,Make-the-letter-K,
40190849.1563,-0.04194933,0.2244924,2.997373,-0.04519555,0.2872232,3.055069,-0.04912378,0.6523096,3.054619,-0.04435196,0.8227103,2.998052,-0.2170409,0.53702,3.036488,-0.2893981,0.2781326,3.00591,-0.3291444,0.04012264,2.909298,-0.3352901,-0.05552601,2.875888,0.1329892,0.5416018,3.04931,0.2129761,0.2708252,3.033169,0.2675583,0.02878784,2.939454,0.269019,-0.04997465,2.915862,-0.1180151,0.1465473,2.98407,-0.1276061,-0.3825641,3.012035,-0.1112732,-0.7616125,3.033539,-0.1428776,-0.8242326,3.000124,0.03739563,0.1479365,2.985774,0.02708733,-0.3819018,3.01998,-0.01541995,-0.7584394,3.053332,0.02051604,-0.8287425,3.01644,976,Make-the-letter-K,
40190881.1581,-0.04134384,0.2238775,2.998406,-0.04450195,0.2867932,3.055972,-0.04899227,0.6521252,3.054685,-0.0429691,0.8215863,2.997741,-0.2160682,0.5368284,3.036531,-0.2843812,0.2780221,3.006131,-0.3268936,0.03749964,2.907798,-0.3280504,-0.04784611,2.880313,0.1328045,0.5412478,3.048397,0.2131547,0.2705842,3.033017,0.2677933,0.02543038,2.937574,0.2741372,-0.0581386,2.913345,-0.1173784,0.1461668,2.984955,-0.1286749,-0.3827426,3.009384,-0.1236079,-0.7592596,3.032922,-0.1447586,-0.8253446,3.000874,0.03796316,0.1474667,2.987297,0.02792927,-0.3813961,3.019933,-0.007864729,-0.7553378,3.057513,0.02172956,-0.8290558,3.01723,976,Make-the-letter-K,
40190916.1601,-0.04115558,0.2240842,2.999258,-0.04411323,0.287047,3.056561,-0.04742295,0.651356,3.053866,-0.04312843,0.8189176,2.992755,-0.2159797,0.5368912,3.036841,-0.280884,0.2774328,3.006655,-0.320967,0.03916471,2.908273,-0.3180119,-0.04384163,2.879383,0.132946,0.5415161,3.048192,0.2131072,0.2704228,3.032916,0.2687172,0.02599449,2.937813,0.2783001,-0.05013474,2.911305,-0.1174837,0.1462048,2.986875,-0.1333669,-0.3775829,3.001898,-0.1307768,-0.7510058,3.034358,-0.1508546,-0.81989,2.999901,0.03801596,0.1476111,2.987912,0.03074729,-0.3792824,3.020314,-0.007389404,-0.7550046,3.057376,0.02389661,-0.8290539,3.018064,976,Make-the-letter-K,
40190951.1621,-0.04135436,0.2238497,2.999938,-0.04410412,0.2869152,3.057042,-0.04737515,0.6508467,3.053535,-0.04432788,0.8183823,2.991453,-0.2159759,0.5368894,3.036842,-0.2765781,0.2742313,3.007686,-0.3110991,0.03352552,2.911334,-0.3069717,-0.04913481,2.879574,0.1321078,0.541711,3.047471,0.2135065,0.2705034,3.032892,0.2724841,0.02643246,2.935972,0.2869379,-0.04597432,2.908652,-0.1178244,0.1457673,2.988604,-0.1348854,-0.3764803,2.999871,-0.1308729,-0.7513671,3.034461,-0.1595979,-0.8212668,3.001115,0.03773609,0.1476071,2.988328,0.0312339,-0.3785575,3.019913,-0.007267713,-0.7537205,3.057492,0.02412194,-0.8287622,3.017714,976,Make-the-letter-K,
40190980.1638,-0.04215897,0.2234788,3.000928,-0.04449359,0.2867279,3.057749,-0.04708051,0.6505634,3.053388,-0.04663829,0.8174617,2.990502,-0.2160721,0.5367934,3.036736,-0.2747225,0.2695127,3.008468,-0.3023123,0.02504247,2.912531,-0.2759941,-0.07574264,2.890282,0.1306112,0.5421498,3.047077,0.2146529,0.2707165,3.032244,0.2961375,0.03431149,2.932326,0.318977,-0.03441402,2.901428,-0.1188547,0.1454067,2.990038,-0.1373116,-0.375369,2.998263,-0.1346304,-0.7535403,3.035298,-0.1606779,-0.8218208,3.002665,0.0361857,0.1475072,2.989541,0.03225783,-0.3759174,3.019907,-0.006176238,-0.7526751,3.057303,0.02595648,-0.828545,3.017469,976,Make-the-letter-K,
40191017.1659,-0.04360465,0.2231843,3.001755,-0.04512796,0.2865023,3.058388,-0.04699095,0.6500571,3.053202,-0.05305533,0.8145029,2.986907,-0.2188803,0.5351605,3.03697,-0.2750591,0.2669411,3.007874,-0.2983055,0.02435716,2.912741,-0.2757161,-0.07725152,2.890139,0.1276488,0.5423958,3.045259,0.2192205,0.2729195,3.028212,0.3171875,0.04179338,2.92399,0.3699729,-0.03648446,2.901696,-0.1213346,0.144428,2.99183,-0.1395156,-0.3744702,2.997267,-0.1388851,-0.7504849,3.037353,-0.1621922,-0.8216444,3.003242,0.03452715,0.1475378,2.989954,0.03303788,-0.375012,3.0196,-0.005709844,-0.7495307,3.057402,0.02591773,-0.8285062,3.017255,976,Make-the-letter-K,
40191049.1678,-0.04676351,0.222679,3.002536,-0.04829967,0.2861241,3.059203,-0.0498507,0.6498961,3.053252,-0.05658815,0.8148013,2.987631,-0.2217249,0.5342674,3.036076,-0.2755553,0.2650202,3.008474,-0.2974763,0.02444835,2.913289,-0.2752621,-0.07720774,2.890527,0.1230605,0.5431339,3.044501,0.2300339,0.2791047,3.02441,0.3489853,0.05270826,2.907565,0.3995796,-0.007325243,2.880876,-0.1240205,0.1439458,2.992504,-0.1404203,-0.3742053,2.997273,-0.1411139,-0.7513123,3.038982,-0.1634452,-0.8221123,3.003958,0.03127797,0.1474516,2.990623,0.03310527,-0.3739877,3.019901,-0.005144238,-0.7494189,3.057424,0.025365,-0.8277638,3.015919,976,Make-the-letter-K,
40191081.1696,-0.05138283,0.2226928,3.002784,-0.05238087,0.286017,3.059517,-0.05404154,0.6491069,3.053112,-0.06768962,0.8147003,2.990411,-0.2309512,0.5335265,3.036491,-0.2761049,0.2645959,3.007994,-0.2958838,0.02486007,2.914629,-0.2754822,-0.07689001,2.890622,0.1165532,0.5429756,3.041811,0.2394419,0.285498,3.02357,0.3894181,0.08220696,2.891596,0.4401536,0.0105925,2.863842,-0.1289538,0.1433031,2.993015,-0.1427954,-0.3736432,2.998949,-0.1411872,-0.7503867,3.04086,-0.1647086,-0.8222248,3.004162,0.02691361,0.1476532,2.990243,0.03278542,-0.3735867,3.019807,-0.005037485,-0.7492695,3.057354,0.02543525,-0.8277025,3.015677,976,Make-the-letter-K,
40191116.1716,-0.05577588,0.2230826,3.002709,-0.05752052,0.2862657,3.059456,-0.06597214,0.6477203,3.052266,-0.07570891,0.813678,2.987992,-0.2390139,0.5305752,3.037193,-0.2827178,0.2617607,3.007067,-0.2949066,0.02694263,2.915963,-0.2759995,-0.07500691,2.891579,0.1125908,0.5437413,3.041446,0.2521819,0.3122826,3.016446,0.4091119,0.1096411,2.889897,0.4690932,0.05720271,2.856876,-0.1329088,0.1426146,2.992447,-0.1459551,-0.3751797,3.002681,-0.1406843,-0.7500029,3.041126,-0.1626133,-0.8199967,3.0047,0.02404189,0.1481808,2.990332,0.03107356,-0.3732004,3.019917,-0.005908669,-0.7487804,3.057119,0.02622983,-0.8291056,3.020925,976,Make-the-letter-K,
40191149.1735,-0.06124326,0.2227591,3.002824,-0.06362604,0.2859393,3.059759,-0.07394941,0.6485029,3.053439,-0.08183628,0.813059,2.992197,-0.2434086,0.5292891,3.036489,-0.2891918,0.2572478,3.005442,-0.2949156,0.02697686,2.915956,-0.2780907,-0.07561696,2.892777,0.1051081,0.5441489,3.041472,0.2668988,0.3250771,3.014885,0.4347392,0.1618676,2.890795,0.4974784,0.1101086,2.859778,-0.1371623,0.1418077,2.992458,-0.1486408,-0.3748892,3.005023,-0.1409779,-0.7492762,3.043286,-0.1632472,-0.8200747,3.004976,0.0186313,0.1487776,2.990134,0.02943204,-0.3741971,3.021177,-0.006199514,-0.7491675,3.057362,0.02677908,-0.8288267,3.019577,976,Make-the-letter-K,
40191181.1753,-0.06868713,0.2238769,3.003488,-0.07214472,0.2868791,3.060846,-0.0898968,0.6511276,3.057484,-0.09263412,0.81455,2.993105,-0.2577448,0.5274494,3.037696,-0.2973689,0.2550872,3.002662,-0.2969088,0.0297811,2.91718,-0.2816023,-0.06228755,2.897014,0.09908074,0.5440763,3.04163,0.2639485,0.3355198,3.013375,0.4548851,0.2036649,2.894444,0.526252,0.1631961,2.861667,-0.1443515,0.1416945,2.991916,-0.1530235,-0.3733211,3.009097,-0.1426526,-0.7425975,3.045386,-0.1638911,-0.8204812,3.004771,0.01378278,0.1494306,2.990726,0.02716124,-0.3735804,3.021998,-0.006436941,-0.7492851,3.057714,0.02676818,-0.8286855,3.019513,976,Make-the-letter-K,
40191216.1773,-0.07405154,0.226088,3.003346,-0.07796887,0.288777,3.060721,-0.09492079,0.651576,3.057091,-0.09865351,0.8161917,2.995612,-0.267216,0.5267267,3.036456,-0.3041593,0.2544265,3.001376,-0.2990066,0.03129978,2.917277,-0.319074,-0.04200187,2.896721,0.09169817,0.5467861,3.04363,0.2851059,0.364994,3.009789,0.4724613,0.2498648,2.897986,0.5638531,0.1935659,2.854486,-0.1495042,0.1425924,2.990608,-0.1545794,-0.3731259,3.010824,-0.1428404,-0.7422915,3.04497,-0.1693712,-0.8206933,3.002761,0.009113616,0.1515397,2.991355,0.02216076,-0.372086,3.022029,-0.006703618,-0.7495793,3.058105,0.02659894,-0.8285584,3.018515,976,Make-the-letter-K,
40191249.1792,-0.08354594,0.227256,3.00322,-0.08906444,0.2898831,3.060447,-0.1111703,0.6512201,3.055319,-0.1093138,0.8170273,2.994999,-0.2795173,0.5255147,3.034977,-0.3138294,0.2525764,3.001467,-0.3020081,0.03294827,2.91893,-0.3185543,-0.04060591,2.896251,0.08137423,0.5470557,3.045933,0.2849785,0.3804106,3.012113,0.4874425,0.2822659,2.894663,0.5802625,0.2517583,2.855785,-0.1584733,0.1428017,2.990042,-0.1600581,-0.3698851,3.013453,-0.142904,-0.7423128,3.047335,-0.1684729,-0.8204204,3.003179,0.001470271,0.1524244,2.991652,0.01747148,-0.3731939,3.024042,-0.006805999,-0.7495211,3.058192,0.02881086,-0.829227,3.020277,976,Make-the-letter-K,
40191284.1812,-0.09062584,0.2284266,3.003158,-0.09618572,0.2904992,3.060517,-0.1167436,0.6502911,3.056088,-0.1205255,0.8193181,2.994344,-0.2890047,0.5248954,3.033648,-0.3201942,0.2519518,3.001838,-0.3066846,0.03545922,2.918625,-0.3191152,-0.03841818,2.89442,0.0734893,0.5473961,3.046572,0.2878139,0.4016621,3.013456,0.4947854,0.3272159,2.894306,0.5655336,0.3082307,2.864059,-0.1660302,0.1432027,2.989358,-0.164143,-0.3692836,3.015997,-0.1433995,-0.7414761,3.047518,-0.1681656,-0.8208553,3.003575,-0.00531562,0.1536401,2.991553,0.01145403,-0.3747683,3.02652,-0.006310326,-0.7503598,3.058362,0.02900821,-0.8290318,3.019753,976,Make-the-letter-K,
40191316.183,-0.09930727,0.228826,3.003168,-0.1060827,0.2905557,3.060184,-0.1331807,0.6460242,3.053083,-0.133931,0.8154451,2.996544,-0.3060998,0.5204555,3.032903,-0.3344054,0.2546161,3.003479,-0.3136075,0.03711656,2.921609,-0.3260986,-0.03520984,2.89313,0.06269115,0.5508579,3.047766,0.2859471,0.4343407,3.019854,0.493722,0.373326,2.918922,0.570865,0.3586217,2.875319,-0.1746508,0.1418688,2.988993,-0.1657154,-0.3686498,3.017514,-0.1441428,-0.7410839,3.046896,-0.1682172,-0.8208202,3.003487,-0.01160882,0.1538751,2.99217,0.009180997,-0.3754765,3.027464,-0.00700282,-0.7505131,3.058708,0.02848426,-0.8283914,3.018646,976,Make-the-letter-K,
40191349.1849,-0.1085807,0.2282386,3.002688,-0.1166925,0.2895234,3.059602,-0.143402,0.6439558,3.052674,-0.1439824,0.8150635,2.995186,-0.3161606,0.5177132,3.028358,-0.3455712,0.2568296,3.004244,-0.3207968,0.03789448,2.925291,-0.3303893,-0.03468756,2.896342,0.048354,0.5531623,3.050625,0.2873939,0.4491131,3.019656,0.493193,0.420701,2.928285,0.5619589,0.4103642,2.897452,-0.1832723,0.1409783,2.988679,-0.1669814,-0.3680299,3.01791,-0.1425403,-0.7411138,3.04833,-0.1620086,-0.8147429,3.009672,-0.02049119,0.1535376,2.991564,0.0065134,-0.3768433,3.029271,-0.007656514,-0.7506168,3.058984,0.0287817,-0.8283128,3.018143,976,Make-the-letter-K,
40191384.1869,-0.1148924,0.228954,3.002465,-0.1237274,0.2902176,3.059217,-0.1534954,0.6441624,3.051405,-0.1529787,0.8150871,2.993535,-0.3295049,0.5168593,3.027236,-0.3533439,0.2564048,3.005605,-0.3307558,0.04106563,2.930087,-0.3331901,-0.03278267,2.898945,0.03757715,0.5534685,3.050706,0.2722996,0.4728401,3.026085,0.4797575,0.4476097,2.938119,0.5753222,0.4362719,2.892465,-0.1888897,0.1410857,2.987928,-0.1704464,-0.3681047,3.018772,-0.146879,-0.7343526,3.053962,-0.1605009,-0.8130748,3.011315,-0.0260136,0.1542076,2.992123,0.005042002,-0.3778391,3.030845,-0.007275285,-0.7502362,3.059497,0.02966556,-0.8279811,3.018611,976,Make-the-letter-K,
40191419.1889,-0.1232904,0.2294313,3.003058,-0.1336662,0.2904131,3.059815,-0.1746155,0.6432486,3.052177,-0.1749976,0.8122422,2.984935,-0.3448955,0.5145304,3.027109,-0.3733237,0.2595147,3.009231,-0.344135,0.04806207,2.935396,-0.343699,-0.02808403,2.903495,0.02145264,0.5548861,3.049485,0.2417921,0.4992234,3.029511,0.4589394,0.4754762,2.952664,0.5506798,0.4876501,2.915556,-0.1950986,0.1405488,2.988078,-0.1718712,-0.3680837,3.019463,-0.1509813,-0.7375164,3.049509,-0.1617559,-0.8159772,3.011101,-0.0328116,0.1554801,2.993076,0.001551209,-0.3800808,3.034862,-0.005439044,-0.7502463,3.060008,0.02959178,-0.8279723,3.018587,976,Make-the-letter-K,
40191450.1907,-0.1300904,0.2299701,3.003282,-0.1421675,0.2911322,3.059788,-0.1877688,0.6443778,3.050562,-0.1846676,0.8103975,2.984784,-0.3555313,0.5123534,3.025316,-0.3811499,0.2576337,3.009359,-0.3499143,0.04671851,2.934667,-0.3463979,-0.04231028,2.909567,0.01440179,0.5545558,3.051425,0.2652074,0.5134597,3.027596,0.4768046,0.5174555,2.947598,0.5406332,0.5064167,2.928087,-0.200841,0.1398994,2.98698,-0.1743095,-0.3688961,3.020121,-0.1517543,-0.7382563,3.049791,-0.1612201,-0.8185321,3.01554,-0.03795461,0.1562841,2.994966,0.001196451,-0.3800105,3.035453,-0.002900812,-0.75017,3.060962,0.03022643,-0.8277861,3.018372,976,Make-the-letter-K,
40191485.1927,-0.1388137,0.2305225,3.003545,-0.1520776,0.2924089,3.059195,-0.2010264,0.6451721,3.044142,-0.1950772,0.80927,2.982711,-0.3666377,0.5102507,3.02422,-0.3857546,0.2581432,3.009034,-0.3546998,0.04623982,2.937794,-0.3476295,-0.04521907,2.9106,0.003238384,0.5568514,3.053547,0.2643695,0.5165568,3.029696,0.4776592,0.5336081,2.957724,0.554241,0.5288456,2.940097,-0.2087537,0.1392286,2.986951,-0.1762619,-0.3665386,3.019769,-0.1523365,-0.7370526,3.050526,-0.1615627,-0.8185869,3.015186,-0.04543356,0.1571781,2.997514,0.001618182,-0.3784246,3.037006,0.009770426,-0.748244,3.055409,0.06277724,-0.8241618,3.009369,976,Make-the-letter-K,
40191517.1945,-0.1451119,0.2318547,3.004046,-0.1593968,0.2937922,3.059193,-0.2127373,0.6446708,3.041629,-0.2087309,0.8080778,2.982474,-0.3793107,0.5138264,3.024038,-0.3923749,0.2554768,3.008407,-0.3648348,0.04215436,2.940756,-0.3469421,-0.05777998,2.908532,-0.01239782,0.5597205,3.053699,0.2307306,0.5467041,3.040632,0.4607176,0.5901865,2.955786,0.5367243,0.5834173,2.936413,-0.2126993,0.1398493,2.986702,-0.1778329,-0.3668964,3.019892,-0.1534859,-0.7377602,3.049938,-0.1638259,-0.8195575,3.015014,-0.0520774,0.1594704,3.000251,0.00501339,-0.3796342,3.039557,0.05863073,-0.7453877,3.055226,0.1125752,-0.8155838,3.001789,976,Make-the-letter-K,
40191550.1964,-0.1523108,0.2343311,3.004602,-0.1670569,0.296172,3.058559,-0.219234,0.6446238,3.038295,-0.2150677,0.8086418,2.981872,-0.3893322,0.5149168,3.024336,-0.3997965,0.2555076,3.006263,-0.3662169,0.004335521,2.933571,-0.346643,-0.06802434,2.909509,-0.02322736,0.5653093,3.058572,0.2293401,0.554144,3.040557,0.4381445,0.6054215,2.972569,0.5141507,0.5986524,2.953197,-0.2196276,0.1419253,2.986756,-0.1798078,-0.3639196,3.017689,-0.1552497,-0.7347316,3.051059,-0.08520272,-0.8103905,3.043153,-0.05869054,0.161755,3.002929,0.01856866,-0.389258,3.046977,0.08753185,-0.7519419,3.052666,0.1569695,-0.799401,2.992504,976,Make-the-letter-K,
40191586.1985,-0.1587683,0.2353321,3.004791,-0.1746553,0.2975876,3.057632,-0.2298601,0.6461467,3.035613,-0.2304002,0.8097515,2.978075,-0.3951479,0.5139196,3.022702,-0.403959,0.2548881,3.005304,-0.3862976,0.03908812,2.943755,-0.3748508,-0.03765806,2.930451,-0.03053902,0.5681578,3.059972,0.2212574,0.5689868,3.038708,0.4328905,0.6102898,2.973246,0.5088964,0.6035207,2.953873,-0.225517,0.1428134,2.986198,-0.1809466,-0.3630523,3.017075,-0.1554913,-0.735254,3.050271,-0.1706316,-0.8204249,3.004315,-0.06439416,0.1629265,3.004868,0.03758382,-0.3839878,3.050086,0.1487819,-0.7462717,3.048872,0.2177729,-0.797234,2.991109,976,Make-the-letter-K,
40191618.2003,-0.1639741,0.2358227,3.004514,-0.1804349,0.2984733,3.056055,-0.235574,0.6471742,3.032883,-0.2374434,0.8102932,2.979616,-0.4008312,0.5157828,3.020786,-0.4141519,0.2568131,3.003917,-0.3867407,0.04192953,2.942843,-0.3752939,-0.03481662,2.929539,-0.0390028,0.5724857,3.061506,0.2171248,0.5831198,3.041194,0.4282635,0.6218204,2.971823,0.4958834,0.6605608,2.960654,-0.2300254,0.143259,2.985621,-0.181743,-0.3624364,3.016721,-0.1565708,-0.7348256,3.049815,-0.1709061,-0.820451,3.004936,-0.07020955,0.1639648,3.006117,0.07006916,-0.3752223,3.058758,0.1969933,-0.7477014,3.04881,0.2721777,-0.7787235,2.984946,976,Make-the-letter-K,
40191649.2021,-0.1686001,0.2358722,3.004627,-0.1853854,0.298591,3.055198,-0.2404222,0.6470215,3.032479,-0.247163,0.8089615,2.980023,-0.4063646,0.5166911,3.019366,-0.4201261,0.2562929,3.003031,-0.3917556,0.04207669,2.939542,-0.3803089,-0.03466939,2.926237,-0.04628655,0.5752062,3.062342,0.2153088,0.5986446,3.046321,0.4234818,0.6582713,2.984876,0.4996483,0.6643575,2.965912,-0.2346247,0.143613,2.984794,-0.1819986,-0.3609615,3.016769,-0.1573869,-0.7352658,3.050808,-0.1699704,-0.8202471,3.006499,-0.07461923,0.1640619,3.007494,0.08140823,-0.3736093,3.06042,0.2593349,-0.7555969,3.048955,0.3277396,-0.7580152,2.984775,976,Make-the-letter-K,
40191685.2041,-0.1747574,0.2369824,3.004397,-0.1932776,0.2999683,3.053675,-0.2581865,0.6483541,3.029891,-0.2540385,0.8085058,2.981441,-0.4118551,0.5172029,3.018768,-0.4303833,0.2582308,3.001348,-0.398308,0.04466814,2.937299,-0.3868612,-0.03207777,2.923995,-0.05171394,0.5793276,3.06426,0.2130988,0.6042974,3.045601,0.4215302,0.6663838,2.988664,0.5123875,0.7198684,2.973517,-0.239309,0.1446577,2.984283,-0.1848473,-0.3601232,3.016462,-0.1585635,-0.7351308,3.051083,-0.1703445,-0.8205411,3.008374,-0.07874031,0.1649718,3.008087,0.1158279,-0.3821397,3.063315,0.3034608,-0.6883327,3.031397,0.3866282,-0.7104199,2.974045,976,Make-the-letter-K,
40191718.206,-0.1790572,0.2383845,3.004713,-0.1977589,0.3011084,3.053284,-0.2615144,0.6485609,3.031082,-0.261562,0.8084801,2.979077,-0.4222103,0.5146273,3.01548,-0.4352253,0.2586979,3.000504,-0.4024585,0.04548283,2.93543,-0.3804088,-0.05512187,2.908273,-0.05659057,0.5806678,3.064034,0.2148052,0.6251535,3.049512,0.4213482,0.6935271,2.993004,0.4834555,0.7396559,2.978418,-0.2433106,0.1449979,2.984005,-0.1849566,-0.3592448,3.016987,-0.1591349,-0.7345382,3.051454,-0.1705649,-0.8204001,3.008428,-0.0823378,0.166765,3.00865,0.1147427,-0.2847359,3.041505,0.3451453,-0.6616343,3.020389,0.4230816,-0.6981458,2.972619,976,Make-the-letter-K,
40191750.2079,-0.1848477,0.2407113,3.003716,-0.2040722,0.3027699,3.051856,-0.2672416,0.6484731,3.031631,-0.2654938,0.809096,2.978112,-0.4263572,0.5141538,3.01197,-0.4453606,0.2620192,2.997969,-0.4062494,0.04937461,2.935027,-0.3814348,-0.05084281,2.908843,-0.06641354,0.5833073,3.064817,0.2078616,0.6355178,3.051309,0.4170793,0.7306058,2.995109,0.4694256,0.7529111,2.994049,-0.2472533,0.1466928,2.983038,-0.1852995,-0.3585482,3.017313,-0.1590332,-0.7342021,3.052287,-0.1701867,-0.8205886,3.008131,-0.09044062,0.1715969,3.007113,0.1159282,-0.282543,3.0432,0.3782673,-0.6379671,3.021332,0.3890812,-0.6754737,2.940323,976,Make-the-letter-K,
40191787.21,-0.1891903,0.2420031,3.003401,-0.2089856,0.3036774,3.05122,-0.2745354,0.6480687,3.032385,-0.2689141,0.8098006,2.978764,-0.4297349,0.5136759,3.010572,-0.4499942,0.2602966,2.996353,-0.413854,0.04248783,2.928381,-0.3876901,-0.05706792,2.90656,-0.06959095,0.5842317,3.065058,0.2037163,0.643798,3.052985,0.4145115,0.7340809,2.998562,0.4962575,0.7901297,3.006758,-0.2512247,0.1478308,2.982429,-0.1884716,-0.3494246,3.012483,-0.1588819,-0.7334548,3.052007,-0.1668922,-0.8183621,3.009418,-0.09351689,0.1728984,3.006881,0.131687,-0.2730848,3.044273,0.419832,-0.6079469,3.011936,0.4309022,-0.6453679,2.930922,976,Make-the-letter-K,
40191818.2117,-0.1938304,0.2414486,3.002797,-0.2136515,0.3029607,3.050322,-0.2783039,0.6468456,3.032122,-0.2733076,0.8092486,2.979583,-0.4353471,0.5130584,3.008762,-0.4546362,0.2574866,2.992382,-0.4158904,0.03587277,2.925387,-0.3897299,-0.05782308,2.906027,-0.0782638,0.5828163,3.063835,0.1961509,0.6543041,3.060164,0.4120823,0.749909,3.004062,0.4872742,0.7927247,3.004894,-0.2553685,0.1466805,2.981386,-0.1884254,-0.349446,3.012477,-0.1589715,-0.7319906,3.053541,-0.1609565,-0.8161803,3.017209,-0.09905531,0.1736927,3.0067,0.1407829,-0.2661463,3.043684,0.4348777,-0.5957773,3.010133,0.4984442,-0.630223,2.985332,976,Make-the-letter-K,
40191851.2136,-0.19808,0.2431902,3.002534,-0.2178641,0.304248,3.049961,-0.2814832,0.6468473,3.032662,-0.2762466,0.8098367,2.980755,-0.4393916,0.511775,3.006998,-0.4569058,0.2554653,2.991322,-0.4204963,0.02094237,2.916229,-0.3951312,-0.05687831,2.903575,-0.08108336,0.5842109,3.064304,0.1888904,0.6606619,3.062514,0.417719,0.7840043,3.019258,0.4847811,0.8186687,3.023124,-0.2591198,0.1477751,2.981467,-0.188539,-0.3494446,3.012386,-0.1606387,-0.7275015,3.050544,-0.1604612,-0.8140288,3.01283,-0.1036429,0.1761302,3.005597,0.1578618,-0.2561655,3.041139,0.4611255,-0.5773937,3.008226,0.5259506,-0.60777,2.981444,976,Make-the-letter-K,
40191886.2156,-0.202667,0.2457923,3.002507,-0.2219525,0.3061668,3.050329,-0.2846792,0.6471661,3.034728,-0.2813342,0.8134072,2.983081,-0.4421244,0.5124115,3.007665,-0.4602437,0.2551684,2.988808,-0.4246461,0.02074613,2.912669,-0.4015989,-0.08286805,2.903839,-0.08407047,0.5853992,3.063918,0.1772158,0.667974,3.066296,0.4240295,0.8146917,3.024351,0.4928606,0.8512555,3.035455,-0.2628913,0.1486728,2.981287,-0.1911887,-0.3432758,3.010748,-0.1605195,-0.7275376,3.050658,-0.1610679,-0.8142384,3.011859,-0.1099211,0.1818086,3.004529,0.1645343,-0.2483014,3.042282,0.4775471,-0.5358687,3.006869,0.4888699,-0.5731333,2.925817,976,Make-the-letter-K,
40191918.2175,-0.2049095,0.2458613,3.002523,-0.2241696,0.3060473,3.050642,-0.2862264,0.646909,3.035907,-0.2845518,0.8121166,2.983985,-0.4434121,0.5121247,3.007969,-0.4632698,0.2538844,2.988257,-0.4292532,0.01550543,2.911217,-0.40354,-0.0875763,2.903599,-0.08617939,0.5874239,3.065207,0.1687911,0.675482,3.067852,0.4125221,0.8351239,3.036005,0.4712805,0.885277,3.020837,-0.2667351,0.1483804,2.980206,-0.1913835,-0.3430803,3.010548,-0.1602105,-0.7279211,3.051881,-0.161262,-0.8143498,3.011808,-0.111159,0.1817317,3.004829,0.1700305,-0.2383364,3.042038,0.4798442,-0.5170317,3.00515,0.5745388,-0.5179724,2.963602,976,Make-the-letter-K,
40191950.2193,-0.2066167,0.2465554,3.002534,-0.2260959,0.3064383,3.050668,-0.2897406,0.645239,3.035495,-0.2861111,0.8106416,2.984639,-0.4446461,0.5110735,3.007929,-0.4670661,0.2538771,2.986984,-0.4280635,-0.02247783,2.897661,-0.3989505,-0.1248392,2.902099,-0.08854674,0.5898315,3.065523,0.1714809,0.6955078,3.073417,0.4068928,0.8588635,3.049462,0.4711695,0.9157013,3.06849,-0.2679039,0.148686,2.980535,-0.1916627,-0.3425477,3.010236,-0.1591425,-0.7271466,3.052847,-0.1617583,-0.8149639,3.011805,-0.1124687,0.1826951,3.004663,0.1769746,-0.2238984,3.043036,0.4496443,-0.4862289,3.018981,0.5429158,-0.5056244,2.978749,976,Make-the-letter-K,
40191987.2214,-0.210117,0.2493173,3.002875,-0.2291816,0.3085451,3.050974,-0.2904038,0.6453342,3.035589,-0.2872277,0.8121235,2.985402,-0.4465358,0.5114743,3.007502,-0.4703782,0.2541918,2.985507,-0.4308738,-0.02428036,2.897274,-0.403883,-0.1257609,2.899525,-0.08983996,0.5912678,3.06625,0.1701581,0.7077198,3.077623,0.3983226,0.8833613,3.06065,0.4658102,0.9295536,3.074313,-0.2707754,0.1500597,2.980751,-0.1919132,-0.3415865,3.009901,-0.1589856,-0.7275664,3.053051,-0.1632777,-0.8154808,3.009344,-0.1166826,0.1863993,3.005237,0.1793398,-0.2180755,3.043077,0.4439283,-0.4704594,3.017846,0.535568,-0.5086235,2.988858,976,Make-the-letter-K,
40192018.2232,-0.2132319,0.2518393,3.003255,-0.2324082,0.310606,3.051341,-0.2921634,0.6455746,3.035908,-0.2880042,0.811936,2.987548,-0.4480546,0.5102179,3.007234,-0.4723638,0.2530355,2.985174,-0.4464329,0.001876282,2.897419,-0.4150991,-0.09992279,2.89791,-0.09124283,0.5935056,3.068452,0.1639015,0.7120985,3.079291,0.3299152,0.8587449,3.056732,0.4016651,0.9204166,3.037128,-0.273093,0.1512906,2.981189,-0.1919865,-0.3403044,3.009297,-0.1591052,-0.7276153,3.054137,-0.1624851,-0.8152578,3.009473,-0.120193,0.1895433,3.005422,0.1581644,-0.1698968,3.038005,0.4043555,-0.4015524,3.020262,0.4164247,-0.4387354,2.939277,976,Make-the-letter-K,
40192051.2251,-0.2152076,0.2538771,3.00346,-0.2348802,0.3122451,3.051424,-0.2955186,0.6454422,3.035751,-0.2877021,0.8116715,2.988757,-0.4492,0.5098907,3.007538,-0.4755527,0.2535944,2.984037,-0.4480603,0.004151524,2.898675,-0.4197624,-0.09846766,2.894988,-0.09262582,0.5988151,3.071971,0.1557644,0.7199065,3.079743,0.3252404,0.8623441,3.054394,0.3979786,0.9399698,3.049059,-0.274336,0.152002,2.981344,-0.1925244,-0.3396592,3.009257,-0.1590265,-0.7277789,3.053492,-0.1624657,-0.815208,3.009408,-0.1217906,0.1921013,3.005731,0.1581604,-0.1701521,3.037959,0.4231007,-0.4173751,3.020009,0.435683,-0.4545263,2.939088,976,Make-the-letter-K,
40192085.227,-0.2172873,0.2558072,3.003949,-0.2369616,0.3138852,3.051876,-0.2961873,0.6458364,3.036167,-0.2877327,0.8117582,2.988986,-0.4512759,0.5106797,3.00776,-0.4780056,0.254826,2.982316,-0.4523559,0.005914804,2.898723,-0.4238922,-0.09667224,2.895445,-0.09340536,0.6005769,3.074227,0.1534257,0.7258579,3.082076,0.3239163,0.8667151,3.052838,0.394967,0.9454207,3.042726,-0.2763287,0.1531008,2.981446,-0.1925595,-0.3397901,3.009408,-0.1586298,-0.7299135,3.052145,-0.1618326,-0.8156724,3.009229,-0.1241182,0.1941231,3.006486,0.1555862,-0.1463116,3.035181,0.4246593,-0.4194777,3.019411,0.5142218,-0.460739,2.988251,976,Make-the-letter-K,
40192118.2289,-0.2184085,0.2567193,3.004409,-0.238474,0.3144053,3.05274,-0.2989077,0.646071,3.038937,-0.2905518,0.8114673,2.989941,-0.4523434,0.5100554,3.007703,-0.4798239,0.2567921,2.980841,-0.453105,-0.01477909,2.894105,-0.4206384,-0.1162167,2.892952,-0.09551904,0.603595,3.076333,0.1450402,0.7323297,3.086139,0.3254779,0.8801936,3.051613,0.3972946,0.9586102,3.045434,-0.2771267,0.1535305,2.981531,-0.19243,-0.3395203,3.009377,-0.1586117,-0.7298447,3.052181,-0.1601385,-0.8149033,3.010814,-0.1252508,0.19546,3.006816,0.1858096,-0.2090039,3.039458,0.4305422,-0.4317392,3.015311,0.521886,-0.4688815,2.984138,976,Make-the-letter-K,
40192149.2307,-0.2190656,0.2571384,3.004725,-0.2393668,0.3146272,3.053539,-0.3010978,0.6463398,3.040593,-0.2946564,0.8120928,2.991279,-0.4546641,0.5092366,3.008164,-0.480453,0.2572508,2.979556,-0.4536748,-0.01966013,2.891424,-0.4210265,-0.1210278,2.88945,-0.09675587,0.604138,3.077114,0.1427226,0.7357724,3.086734,0.3216067,0.8866138,3.05181,0.394615,0.9633872,3.040818,-0.277483,0.1536128,2.981575,-0.1926103,-0.3444781,3.010291,-0.1585557,-0.7298306,3.051825,-0.1616194,-0.8165738,3.009604,-0.1258221,0.1960937,3.007102,0.1863257,-0.2099809,3.039647,0.3960404,-0.4602835,3.012531,0.4927229,-0.4815825,2.982633,976,Make-the-letter-K,
40192185.2327,-0.2192348,0.2567555,3.005023,-0.2398866,0.3141832,3.0541,-0.3043574,0.6461958,3.040725,-0.2955429,0.812036,2.991339,-0.4553857,0.5089184,3.008315,-0.4823772,0.2569556,2.977169,-0.4527273,-0.02524758,2.890077,-0.4207289,-0.1267266,2.885231,-0.09825678,0.6054121,3.077933,0.1397329,0.7361526,3.089561,0.3191507,0.888833,3.049831,0.3910154,0.9644183,3.035227,-0.2777432,0.15366,2.981872,-0.1922525,-0.3445313,3.010514,-0.1581542,-0.7303892,3.051884,-0.162251,-0.8180452,3.009596,-0.1252092,0.1948818,3.007709,0.1856448,-0.2108652,3.039172,0.440541,-0.4859989,3.006043,0.5368969,-0.4996991,2.971069,976,Make-the-letter-K,
40192218.2346,-0.2193527,0.2566655,3.00512,-0.2402136,0.3139042,3.054568,-0.3060756,0.6457007,3.041329,-0.296589,0.8120231,2.992322,-0.4561901,0.5075871,3.008571,-0.482654,0.257081,2.976946,-0.4551999,-0.02110408,2.888869,-0.4227628,-0.1224823,2.884877,-0.09917349,0.6060873,3.078365,0.1401598,0.7380146,3.090373,0.3192633,0.9016349,3.055146,0.387209,0.98336,3.048073,-0.2779139,0.1535915,2.982079,-0.1913159,-0.2970999,2.992068,-0.1556543,-0.7289453,3.050625,-0.1625998,-0.8188425,3.009421,-0.1251609,0.1948695,3.007689,0.1767424,-0.2143591,3.037297,0.4401984,-0.4868339,3.005618,0.453353,-0.5237651,2.924683,976,Make-the-letter-K,
40192251.2365,-0.2190581,0.2564453,3.00537,-0.2400656,0.313651,3.05515,-0.3081172,0.6462165,3.042413,-0.2977507,0.8119884,2.993741,-0.456409,0.4993338,3.008834,-0.4846846,0.255559,2.9747,-0.4575562,-0.01924029,2.886259,-0.4299241,-0.1214642,2.87474,-0.09951583,0.6062232,3.078882,0.1391775,0.7393374,3.09054,0.3180182,0.9059985,3.057214,0.3880709,0.9856705,3.04768,-0.277483,0.1532284,2.982294,-0.1951367,-0.3295971,2.999732,-0.155628,-0.7336723,3.050751,-0.1631068,-0.8212337,3.007348,-0.1238201,0.1947586,3.008004,0.175622,-0.2191794,3.036151,0.4670404,-0.5111671,2.998459,0.4799096,-0.5480767,2.917468,976,Make-the-letter-K,
40192285.2385,-0.2189261,0.2561808,3.005819,-0.240105,0.3133402,3.056056,-0.3085022,0.6465397,3.043481,-0.2978697,0.8118853,2.99426,-0.4566906,0.5001596,3.009668,-0.4851625,0.2553977,2.974935,-0.4598011,-0.01706601,2.884084,-0.4311142,-0.1186822,2.870033,-0.100079,0.6068372,3.079631,0.138477,0.7405875,3.091533,0.3175636,0.9063483,3.057968,0.3879507,0.985635,3.047697,-0.2774138,0.1531193,2.982415,-0.192395,-0.335758,3.002317,-0.1559829,-0.7335968,3.05106,-0.163228,-0.8214576,3.007109,-0.1234561,0.1945398,3.008578,0.1724245,-0.2254872,3.035073,0.4442074,-0.5134243,3.003794,0.4570438,-0.5503161,2.922789,976,Make-the-letter-K,
40192317.2403,-0.2186792,0.2555759,3.006005,-0.2399647,0.3128594,3.056643,-0.3085523,0.646489,3.043762,-0.2978008,0.8129396,2.994687,-0.4564831,0.5019668,3.011127,-0.4851119,0.2545306,2.974754,-0.47131,-0.001392745,2.878978,-0.439259,-0.1004744,2.85657,-0.1001202,0.6069761,3.080042,0.1387526,0.741257,3.092415,0.3194215,0.910115,3.058857,0.3903099,0.9888862,3.048065,-0.2773955,0.1531127,2.982422,-0.1938954,-0.3355037,3.001162,-0.1569306,-0.7307391,3.051432,-0.1634934,-0.8211523,3.007297,-0.1226394,0.1930466,3.008823,0.167452,-0.2318236,3.03488,0.4387411,-0.5176269,3.004161,0.4514202,-0.5545251,2.923133,976,Make-the-letter-K,
40192349.2421,-0.2180626,0.2547461,3.006285,-0.239792,0.3120538,3.057234,-0.3081732,0.6461786,3.0441,-0.2942943,0.8123029,2.999239,-0.455586,0.5000648,3.010886,-0.4851596,0.2531867,2.973984,-0.472575,-0.001264157,2.877822,-0.4419317,-0.1014315,2.858475,-0.09884673,0.6074008,3.082345,0.1464804,0.7479461,3.094976,0.3189971,0.91001,3.058539,0.3903597,0.9881389,3.046289,-0.2773898,0.1528274,2.982149,-0.1948491,-0.3346139,3.000434,-0.1565412,-0.7294337,3.049884,-0.1637561,-0.8205342,3.006468,-0.1197955,0.1899623,3.010366,0.1655166,-0.2367544,3.034424,0.4685434,-0.557916,2.992056,0.4816649,-0.5947922,2.911089,976,Make-the-letter-K,
40192386.2442,-0.2164345,0.2531893,3.00673,-0.2384726,0.3104753,3.058248,-0.3060797,0.6461006,3.047004,-0.2915247,0.8120001,3.003712,-0.4540991,0.499978,3.010684,-0.4851331,0.2526112,2.974198,-0.4724842,-0.009281197,2.870469,-0.4422722,-0.1102109,2.854738,-0.09813263,0.6076066,3.083504,0.1459738,0.7476141,3.095453,0.3187271,0.909055,3.057752,0.3898667,0.9876589,3.047379,-0.2765967,0.1522508,2.981746,-0.1952003,-0.3375383,2.998854,-0.1563308,-0.7308212,3.049219,-0.1633809,-0.8208175,3.005627,-0.1180942,0.1883038,3.01082,0.1620705,-0.2396911,3.033884,0.467044,-0.5589805,2.990957,0.4803543,-0.5957805,2.909987,976,Make-the-letter-K,
40192418.2461,-0.2152984,0.2516871,3.006433,-0.2373012,0.3090637,3.05828,-0.3032134,0.6451364,3.046604,-0.2880526,0.8118309,3.005734,-0.4534683,0.50023,3.010747,-0.485117,0.2520942,2.973874,-0.4737501,-0.00851589,2.869178,-0.4454912,-0.110054,2.853736,-0.09710462,0.6062805,3.083824,0.1460998,0.7477331,3.09566,0.3184132,0.9078484,3.058788,0.3664006,0.967783,3.041351,-0.2761303,0.1513018,2.98099,-0.197888,-0.3338097,2.995294,-0.1560909,-0.7306152,3.049164,-0.1619463,-0.821219,3.004012,-0.1170113,0.1866077,3.010823,0.1589013,-0.2421679,3.033262,0.4649178,-0.5604742,2.990633,0.4783508,-0.5972825,2.909687,976,Make-the-letter-K,
40192453.2481,-0.2146257,0.2511488,3.006414,-0.2369323,0.3084499,3.058512,-0.301344,0.6451129,3.046974,-0.2837363,0.8137732,3.005595,-0.4523463,0.5004013,3.01079,-0.4858254,0.2541152,2.973393,-0.475771,-0.008175014,2.866892,-0.4502226,-0.1038561,2.83993,-0.09454672,0.6039469,3.086779,0.1457372,0.7465332,3.096916,0.3195064,0.9079297,3.059533,0.3922546,0.985617,3.063953,-0.2756661,0.1509105,2.98017,-0.1982723,-0.3384941,2.994096,-0.1562993,-0.7310933,3.04902,-0.1615849,-0.8213056,3.003713,-0.1162796,0.1855836,3.01131,0.1575908,-0.2442572,3.033423,0.4646212,-0.5615751,2.99053,0.4787035,-0.5983503,2.909678,976,Make-the-letter-K,
40192485.2499,-0.2141749,0.2510655,3.006359,-0.2369263,0.3081988,3.058671,-0.3004282,0.6452409,3.047523,-0.2792695,0.8144801,3.007602,-0.4503423,0.5007212,3.010466,-0.486289,0.2558176,2.973154,-0.4804691,-0.009870552,2.859429,-0.4551838,-0.104794,2.835818,-0.09076155,0.6033758,3.090432,0.1443179,0.7420394,3.099832,0.3200038,0.9054049,3.061122,0.3915164,0.9843537,3.061729,-0.2753116,0.1509877,2.979448,-0.1994457,-0.3400965,2.992867,-0.1557252,-0.7304688,3.049752,-0.1613473,-0.8213613,3.003036,-0.11561,0.1851301,3.011438,0.1551048,-0.2448314,3.032909,0.4617081,-0.5626308,2.991477,0.4765668,-0.5993571,2.910743,976,Make-the-letter-K,
40192517.2517,-0.2137353,0.2513865,3.006412,-0.2364746,0.3082281,3.059003,-0.2969757,0.6444965,3.049154,-0.2751004,0.8155251,3.010438,-0.4486173,0.5021043,3.010634,-0.4890824,0.2593895,2.970841,-0.4831133,-0.00995945,2.856171,-0.4602812,-0.1026084,2.834453,-0.08890776,0.6037183,3.092484,0.1441552,0.7389209,3.103992,0.311402,0.8824867,3.06635,0.3822578,0.961483,3.057058,-0.274983,0.151027,2.978697,-0.1999893,-0.3412574,2.991526,-0.1560928,-0.7301319,3.04921,-0.1612331,-0.8215325,3.002983,-0.1153813,0.1856165,3.011727,0.153453,-0.2464237,3.03257,0.4612447,-0.5631103,2.991991,0.4764687,-0.5997859,2.911302,976,Make-the-letter-K,
40192553.2538,-0.2135003,0.2517676,3.006289,-0.2361677,0.3085095,3.059113,-0.294401,0.6447407,3.049581,-0.2733931,0.8150855,3.010397,-0.4472708,0.503861,3.010685,-0.4910628,0.2605404,2.96898,-0.4862116,-0.01030145,2.847423,-0.4662047,-0.1001733,2.830637,-0.08814736,0.6036877,3.093044,0.1438548,0.7379796,3.104548,0.3111076,0.8817387,3.06816,0.3819296,0.9601277,3.054497,-0.2749842,0.1514362,2.978022,-0.202754,-0.3391532,2.987482,-0.1557823,-0.7296799,3.047945,-0.1607086,-0.8219688,3.002351,-0.1154178,0.1859654,3.011695,0.1481872,-0.2472578,3.03358,0.4371945,-0.5640103,2.99756,0.5252282,-0.5992384,2.971481,976,Make-the-letter-K,
40192584.2556,-0.2128833,0.2519489,3.006002,-0.2354961,0.3086879,3.058985,-0.2926346,0.64516,3.049247,-0.2714414,0.8151545,3.011248,-0.4469083,0.504047,3.010562,-0.4961373,0.2643383,2.964877,-0.493773,-0.007631832,2.841982,-0.4788735,-0.09493592,2.825283,-0.08656612,0.6035658,3.094271,0.1455151,0.7362404,3.107984,0.3122208,0.8806924,3.071981,0.3851348,0.958096,3.065699,-0.2747857,0.1516415,2.977242,-0.206837,-0.3352023,2.983485,-0.1556724,-0.728349,3.04741,-0.1611084,-0.8213429,3.002481,-0.1148323,0.1858066,3.011602,0.1477994,-0.2484553,3.033337,0.423786,-0.5470064,3.00028,0.4394585,-0.5836678,2.91967,976,Make-the-letter-K,
40192617.2574,-0.2122055,0.2530617,3.005793,-0.2348746,0.3094229,3.059041,-0.2914278,0.6452992,3.049702,-0.2670266,0.8176981,3.013841,-0.4453098,0.5067143,3.010658,-0.4974161,0.2639805,2.963089,-0.4975221,-0.006592084,2.841789,-0.4833607,-0.09576565,2.825805,-0.085065,0.602986,3.095105,0.1462265,0.7360995,3.109178,0.3165774,0.8823523,3.082088,0.3854467,0.9626173,3.069359,-0.2743382,0.1532176,2.9754,-0.2062916,-0.3362365,2.983966,-0.1553424,-0.7283978,3.047501,-0.1608224,-0.8211564,3.00274,-0.1144093,0.1863903,3.011872,0.1462125,-0.250689,3.03397,0.4498891,-0.5642487,2.992941,0.4658078,-0.6008803,2.912365,976,Make-the-letter-K,
40192653.2595,-0.2111559,0.2538667,3.00562,-0.2340432,0.3100303,3.058986,-0.2910124,0.6454924,3.049499,-0.2642637,0.817104,3.014756,-0.4441582,0.5071645,3.010088,-0.4989135,0.2658441,2.962694,-0.5064999,-0.002412181,2.839765,-0.4956421,-0.09228514,2.825377,-0.08341981,0.6028074,3.095791,0.1466397,0.7356156,3.110188,0.3217826,0.8847792,3.08145,0.3910131,0.9650137,3.070623,-0.2730857,0.1535504,2.974427,-0.2078664,-0.336949,2.981989,-0.1554153,-0.7291061,3.046739,-0.1616423,-0.8228273,3.005243,-0.1134703,0.1872906,3.012347,0.1463296,-0.2512627,3.033981,0.4423218,-0.5667242,2.996345,0.5165325,-0.6002004,2.972147,976,Make-the-letter-K,
40192685.2613,-0.2102316,0.2538149,3.005457,-0.2332618,0.3099172,3.058977,-0.2906983,0.6454987,3.049484,-0.2624814,0.8167152,3.01604,-0.4439255,0.5071354,3.009805,-0.5019998,0.2642972,2.960441,-0.5128379,0.00123558,2.838003,-0.4996355,-0.0924069,2.823512,-0.08227551,0.6016626,3.096153,0.1372741,0.7228576,3.1135,0.3235375,0.8854968,3.081913,0.3930914,0.9655499,3.071832,-0.2723156,0.1535845,2.973667,-0.2086694,-0.3379702,2.981026,-0.1550017,-0.7293835,3.046926,-0.1612489,-0.8230992,3.004323,-0.1119585,0.1866164,3.01267,0.1435246,-0.2514497,3.034489,0.4429523,-0.5658821,2.996613,0.4592571,-0.6024867,2.916102,976,Make-the-letter-K,
40192717.2632,-0.2095223,0.2535073,3.005543,-0.2326134,0.3095915,3.059197,-0.290317,0.6453748,3.049606,-0.2592317,0.8170416,3.019566,-0.4432955,0.5076798,3.010111,-0.5033218,0.2644145,2.95793,-0.5172937,0.002639052,2.835324,-0.5085585,-0.08708934,2.819746,-0.08180563,0.6010752,3.096584,0.1435124,0.7241082,3.112813,0.3252067,0.8867161,3.08215,0.394777,0.9666216,3.071053,-0.271726,0.1535919,2.97336,-0.2095812,-0.3393142,2.980292,-0.1548295,-0.7296058,3.047163,-0.1617413,-0.8227165,3.003406,-0.1111149,0.1857184,3.013249,0.1417773,-0.2520724,3.034958,0.4367229,-0.5642248,3.001106,0.51156,-0.5979645,2.97634,976,Make-the-letter-K,
40192752.2652,-0.2088166,0.2529353,3.005607,-0.2319891,0.3089879,3.059395,-0.2891399,0.6451703,3.050056,-0.2562735,0.8170212,3.022043,-0.4419873,0.5079413,3.009539,-0.5074643,0.267249,2.955676,-0.5258741,0.005582219,2.829697,-0.5178727,-0.08370529,2.82001,-0.08115727,0.5999896,3.09705,0.1458065,0.7217287,3.11239,0.324405,0.8722249,3.085687,0.3939793,0.9522642,3.075616,-0.271403,0.1534904,2.973224,-0.2059486,-0.3386732,2.979426,-0.154853,-0.7296362,3.047156,-0.1617972,-0.8227596,3.003273,-0.1106085,0.1848956,3.01347,0.1428232,-0.2526296,3.035491,0.4352375,-0.5640383,3.001793,0.507126,-0.5965877,2.98044,976,Make-the-letter-K,
40192785.2671,-0.2078919,0.2526495,3.005664,-0.2307944,0.3085566,3.059678,-0.2851202,0.6453033,3.051804,-0.2545457,0.8164331,3.023444,-0.4406132,0.5087193,3.009189,-0.5108685,0.2705521,2.951411,-0.5309411,0.01236832,2.829335,-0.5223679,-0.0804534,2.816498,-0.08080694,0.5993451,3.097385,0.1489485,0.7197572,3.112695,0.3263994,0.871815,3.085336,0.3978136,0.9496689,3.07165,-0.2706454,0.1535988,2.972432,-0.205681,-0.340409,2.979669,-0.1551986,-0.7305195,3.046761,-0.1616488,-0.8228752,3.003071,-0.1101161,0.1842869,3.013955,0.1413849,-0.251875,3.035378,0.4330329,-0.5622478,3.003346,0.5056041,-0.5955292,2.981311,976,Make-the-letter-K,
40192817.2689,-0.2075892,0.2524988,3.005747,-0.2307065,0.3082803,3.05987,-0.284742,0.6452315,3.052561,-0.2528596,0.8155451,3.024947,-0.4395304,0.509246,3.00874,-0.5144135,0.2764699,2.947916,-0.5340701,0.01573065,2.827806,-0.5261896,-0.07906368,2.811756,-0.08018573,0.5986494,3.09875,0.151896,0.7196163,3.112185,0.3271136,0.8649143,3.08359,0.3921505,0.9086895,3.076259,-0.2703682,0.153741,2.972116,-0.2050025,-0.3417227,2.9801,-0.1554862,-0.730773,3.046354,-0.1617119,-0.8228735,3.002997,-0.1098623,0.1838023,3.014268,0.1396649,-0.2529592,3.035806,0.4245206,-0.5482057,3.004481,0.441795,-0.5847266,2.924134,976,Make-the-letter-K,
40192853.2709,-0.2069073,0.2523322,3.005988,-0.2301739,0.3080557,3.060171,-0.2839132,0.6450087,3.052789,-0.2516692,0.8146143,3.025816,-0.4386335,0.509683,3.008371,-0.5151594,0.2765377,2.947016,-0.5387896,0.01612552,2.823561,-0.5313954,-0.07674176,2.806854,-0.0799265,0.5977362,3.099814,0.1544634,0.7186365,3.112868,0.3307776,0.8636482,3.084914,0.3941568,0.9099696,3.078818,-0.2697026,0.1538829,2.971879,-0.2054256,-0.3421794,2.979593,-0.1564575,-0.7302427,3.045742,-0.1617935,-0.8224183,3.000994,-0.1094272,0.1833978,3.014999,0.1411103,-0.2539226,3.036244,0.424683,-0.546313,3.004341,0.442337,-0.582821,2.92407,976,Make-the-letter-K,
40192885.2728,-0.2063911,0.252299,3.00621,-0.2299557,0.3079822,3.060421,-0.283852,0.6449954,3.052933,-0.2509922,0.8149181,3.026689,-0.4382528,0.5096421,3.007746,-0.5163735,0.2753862,2.946162,-0.5409999,0.01695284,2.822434,-0.5371872,-0.07555209,2.803287,-0.08001968,0.5970443,3.100688,0.1542101,0.7151895,3.113363,0.3310778,0.8581605,3.084667,0.3927372,0.9064772,3.07671,-0.2689371,0.1540534,2.971383,-0.2077374,-0.3430497,2.978293,-0.1576705,-0.7311362,3.048448,-0.1595894,-0.8219339,3.003843,-0.1087952,0.1830493,3.01609,0.1427209,-0.2559147,3.037478,0.4256697,-0.5499774,3.00476,0.4436802,-0.5864723,2.924562,976,Make-the-letter-K,
40192918.2747,-0.2062172,0.2522887,3.006343,-0.2300264,0.3079598,3.060565,-0.2838099,0.6451299,3.05303,-0.2511634,0.8150132,3.027002,-0.438048,0.5096625,3.007175,-0.517309,0.2763065,2.945266,-0.5438548,0.01935779,2.81911,-0.5397273,-0.07470698,2.800221,-0.08034085,0.5961767,3.101607,0.1490128,0.7057455,3.114229,0.3313555,0.8573831,3.084691,0.3933881,0.9052458,3.076895,-0.2687103,0.1541939,2.971179,-0.2141363,-0.3344143,2.976907,-0.1600973,-0.7309608,3.047836,-0.1591517,-0.8203377,3.004825,-0.1086655,0.1828185,3.016825,0.1413833,-0.2564726,3.037667,0.4274555,-0.5535398,3.006181,0.4458347,-0.5900224,2.926061,976,Make-the-letter-K,
40192954.2767,-0.2061561,0.2522717,3.006457,-0.230289,0.3078272,3.060674,-0.2848673,0.6453481,3.053614,-0.2511658,0.8151971,3.026949,-0.4377944,0.5097215,3.006453,-0.5196146,0.2779962,2.944842,-0.5444583,0.01933168,2.8174,-0.5401806,-0.07446483,2.798531,-0.08146836,0.5959089,3.102721,0.1509412,0.7063313,3.114776,0.3309917,0.8500682,3.08497,0.3935646,0.8972732,3.077492,-0.2684066,0.1543557,2.970823,-0.2168837,-0.3308182,2.977347,-0.1603364,-0.7308217,3.04798,-0.1608969,-0.8204894,3.005521,-0.1086374,0.1827615,3.017691,0.1424673,-0.2571605,3.038094,0.4272819,-0.5539109,3.005893,0.4460897,-0.5903636,2.925859,976,Make-the-letter-K,
40192985.2785,-0.2061879,0.2521955,3.006428,-0.2304579,0.3077772,3.060662,-0.2857296,0.6454158,3.053132,-0.2513555,0.8153162,3.026818,-0.4379282,0.509745,3.006074,-0.520763,0.2784996,2.94375,-0.544858,0.01893299,2.816027,-0.5402158,-0.07437563,2.798042,-0.08257958,0.5959167,3.10272,0.1506154,0.7046944,3.115195,0.3272814,0.8379074,3.087674,0.3908984,0.8939731,3.077976,-0.2684067,0.1543595,2.970754,-0.2174851,-0.3313242,2.978325,-0.1603969,-0.7309824,3.048096,-0.1606197,-0.8202299,3.005372,-0.1087111,0.1827241,3.017712,0.1426437,-0.2576904,3.038066,0.4276484,-0.5554835,3.006259,0.4465915,-0.5919378,2.926258,976,Make-the-letter-K,
40193017.2803,-0.206156,0.251844,3.006487,-0.230776,0.3074753,3.060707,-0.2865218,0.6457118,3.053533,-0.2550865,0.8159313,3.024979,-0.4383661,0.5088794,3.00474,-0.5212077,0.2787183,2.943572,-0.5449478,0.01902134,2.815272,-0.5401663,-0.07395364,2.796251,-0.08491425,0.5959947,3.103339,0.1505484,0.7048132,3.115188,0.3276644,0.8373218,3.086668,0.3911515,0.8938642,3.077887,-0.2682901,0.1541604,2.970538,-0.2153284,-0.3360132,2.980067,-0.1613937,-0.730699,3.047918,-0.1616528,-0.8201793,3.005554,-0.108766,0.182483,3.017919,0.1428654,-0.2579294,3.03813,0.4273855,-0.5558102,3.006317,0.4467662,-0.5922406,2.926409,976,Make-the-letter-K,
40193053.2824,-0.2063366,0.2515966,3.006478,-0.2311663,0.3072031,3.06072,-0.2900886,0.6456639,3.052862,-0.2566805,0.8164477,3.025377,-0.4392321,0.5084882,3.004215,-0.5212324,0.2787089,2.943558,-0.5438761,0.01989147,2.814783,-0.5374472,-0.07452412,2.794695,-0.0880201,0.5950933,3.101894,0.1513237,0.7058642,3.116451,0.3281386,0.8388175,3.088337,0.391933,0.8953616,3.078882,-0.2682733,0.1540107,2.9703,-0.2149453,-0.335613,2.979872,-0.1615179,-0.7305647,3.048767,-0.1611449,-0.820232,3.006154,-0.1089593,0.1823568,3.018181,0.1429002,-0.2579501,3.038138,0.4268709,-0.556761,3.006324,0.5029351,-0.591992,2.982228,976,Make-the-letter-K,
40193085.2842,-0.2070846,0.2514722,3.006408,-0.2324145,0.3071221,3.060584,-0.294431,0.6454048,3.051399,-0.2594585,0.8171725,3.024527,-0.4407974,0.5077959,3.00362,-0.5211331,0.2786082,2.943473,-0.5428903,0.01984188,2.814626,-0.5346579,-0.07466891,2.79489,-0.08932021,0.5950205,3.101192,0.1479526,0.7048208,3.118979,0.3260676,0.8377663,3.089079,0.3929492,0.8950537,3.080358,-0.2686353,0.1540179,2.97021,-0.2145771,-0.3355669,2.979754,-0.1617205,-0.7301126,3.048675,-0.1606346,-0.8194494,3.0064,-0.1094327,0.1823142,3.018265,0.1379523,-0.2563779,3.037374,0.4267297,-0.5572357,3.005972,0.5029137,-0.5921915,2.98196,976,Make-the-letter-K,
40193117.286,-0.2080195,0.2510384,3.006248,-0.2334949,0.3068516,3.06045,-0.2955343,0.6459329,3.051262,-0.2685285,0.817772,3.015179,-0.4424013,0.5073501,3.00288,-0.5208436,0.2763715,2.942548,-0.5401276,0.01640398,2.813755,-0.5317151,-0.07744101,2.795411,-0.0902897,0.5953992,3.100931,0.1490407,0.7074063,3.118787,0.3262649,0.8396053,3.088837,0.3915433,0.8955423,3.080052,-0.2693314,0.1536607,2.970122,-0.2157923,-0.3372407,2.979588,-0.1616385,-0.7301393,3.04863,-0.1618666,-0.8202562,3.005436,-0.1105211,0.1819658,3.018001,0.1379514,-0.2564293,3.037306,0.4266796,-0.558322,3.005864,0.445996,-0.5947676,2.925947,976,Make-the-letter-K,
40193152.288,-0.2094279,0.2509762,3.006351,-0.2354434,0.3066759,3.060488,-0.2990705,0.6450793,3.050778,-0.2708171,0.8175149,3.016521,-0.4434447,0.50675,3.002469,-0.5204837,0.2730544,2.941692,-0.5333897,0.01229431,2.814383,-0.5224141,-0.08091004,2.794842,-0.09257868,0.5965893,3.101396,0.150123,0.7118161,3.1184,0.326658,0.8447735,3.087161,0.3907543,0.8960164,3.078074,-0.2700183,0.1535372,2.969993,-0.2174114,-0.3347952,2.978929,-0.1617064,-0.7300864,3.048656,-0.1636633,-0.8207764,3.008475,-0.1119978,0.1822245,3.018496,0.136012,-0.2540298,3.036191,0.426485,-0.5608675,3.004194,0.5026336,-0.5950248,2.981142,976,Make-the-letter-K,
40193186.29,-0.2111646,0.2503704,3.006517,-0.2375443,0.3060588,3.060683,-0.3030262,0.6448675,3.050915,-0.2777278,0.8179798,3.016227,-0.4461682,0.5050063,3.002334,-0.5201061,0.2725878,2.941735,-0.5303264,0.01221806,2.815519,-0.5183221,-0.08247501,2.795127,-0.09476339,0.5975437,3.101462,0.149365,0.713342,3.117831,0.3259708,0.8462246,3.086741,0.389912,0.896947,3.078364,-0.2714507,0.1528184,2.970227,-0.2171804,-0.3346944,2.9791,-0.1617687,-0.7296045,3.048738,-0.1637927,-0.8201956,3.00794,-0.1131314,0.1819686,3.018554,0.1363449,-0.2539186,3.035939,0.4257441,-0.560904,3.002521,0.5019041,-0.5953597,2.978979,976,Make-the-letter-K,
40193218.2918,-0.2126364,0.2506988,3.006914,-0.2391879,0.3063592,3.061234,-0.3053949,0.6457834,3.052354,-0.2802909,0.818077,3.016075,-0.4472727,0.5035204,3.002079,-0.5172415,0.2683858,2.942685,-0.5273743,0.009506729,2.81572,-0.5126096,-0.08592827,2.794892,-0.09749749,0.5998922,3.101459,0.1481533,0.7159166,3.117848,0.3252922,0.848108,3.086916,0.3831768,0.8968679,3.080153,-0.2727695,0.1534615,2.971398,-0.2164529,-0.3340199,2.97926,-0.1622397,-0.7287639,3.049852,-0.1619792,-0.8166208,3.011285,-0.1150732,0.1827433,3.017971,0.1379597,-0.2544801,3.035605,0.4292937,-0.5650951,3.000562,0.4972494,-0.5962982,2.977546,976,Make-the-letter-K,
40193253.2938,-0.2137891,0.2501132,3.007134,-0.240353,0.3056879,3.061636,-0.3083704,0.6455038,3.053583,-0.2862071,0.8169984,3.015901,-0.4506253,0.5010886,3.002024,-0.5152182,0.2676056,2.943403,-0.5200243,0.005342876,2.814755,-0.5058776,-0.08847952,2.796942,-0.1007762,0.599535,3.100023,0.1466288,0.7188942,3.118201,0.3221061,0.852654,3.082846,0.3826934,0.9025843,3.076871,-0.2737317,0.1528585,2.971665,-0.2164629,-0.3345099,2.979671,-0.1628263,-0.7285019,3.049483,-0.1616252,-0.8169191,3.012225,-0.1156706,0.182574,3.017921,0.1387702,-0.253769,3.03476,0.4331818,-0.5631136,2.99784,0.5000061,-0.5956699,2.973454,976,Make-the-letter-K,
40193285.2957,-0.2155412,0.2508639,3.007425,-0.242022,0.3063649,3.061946,-0.3105147,0.6453345,3.053481,-0.292171,0.8142432,3.010052,-0.4539563,0.5001632,3.002788,-0.513261,0.2659865,2.943882,-0.5141432,0.002859352,2.816752,-0.5002776,-0.09087986,2.798106,-0.1025197,0.6003398,3.099816,0.1432816,0.7207713,3.11865,0.3232461,0.8603339,3.082061,0.3839455,0.9101536,3.07631,-0.2753212,0.1534126,2.972931,-0.2136774,-0.3376612,2.984085,-0.163041,-0.728283,3.04936,-0.1610449,-0.8164846,3.012609,-0.1173112,0.1837453,3.017282,0.1387058,-0.2536146,3.03468,0.4313337,-0.5627165,2.997552,0.5000144,-0.5959061,2.97237,976,Make-the-letter-K,
40193318.2975,-0.2159818,0.2508832,3.007629,-0.2425593,0.3064484,3.062171,-0.3121185,0.6456457,3.053375,-0.2974845,0.81286,3.007562,-0.4556791,0.4991311,3.002538,-0.5115889,0.2622201,2.943295,-0.5075503,0.0003400657,2.819578,-0.4955229,-0.09432828,2.79845,-0.10564,0.6016366,3.09912,0.1414737,0.7245777,3.118988,0.3228983,0.8630689,3.081528,0.3834733,0.9130476,3.07585,-0.2755185,0.153119,2.97387,-0.2129588,-0.3381832,2.984868,-0.1635256,-0.7283532,3.049507,-0.1617986,-0.8192178,3.015033,-0.1180878,0.184459,3.017082,0.1410924,-0.2538583,3.034259,0.4353471,-0.5621758,2.994565,0.453732,-0.5986016,2.91442,976,Make-the-letter-K,
40193353.2995,-0.2172524,0.2512595,3.00803,-0.2437993,0.3070069,3.062565,-0.3157485,0.6459479,3.0525,-0.3003123,0.8127091,3.006583,-0.459026,0.4989548,3.003653,-0.5080283,0.2612594,2.94411,-0.5016454,-0.004015242,2.820387,-0.4913359,-0.09628966,2.799367,-0.1083753,0.6015767,3.097228,0.1391316,0.7267936,3.119777,0.3081624,0.8686576,3.084725,0.3548828,0.9308642,3.072604,-0.2762599,0.153123,2.97482,-0.2124297,-0.3363809,2.986168,-0.163765,-0.7285693,3.04968,-0.1631941,-0.8193648,3.014244,-0.1192851,0.1854856,3.017183,0.1385537,-0.250757,3.03371,0.4332242,-0.5615217,2.993241,0.503717,-0.5965207,2.965601,976,Make-the-letter-K,
40193385.3014,-0.2179136,0.2513079,3.008197,-0.2444527,0.3071535,3.062664,-0.3167537,0.6458977,3.051837,-0.3020617,0.8132023,3.005616,-0.4602436,0.4986501,3.003776,-0.5030803,0.2608289,2.946149,-0.4962907,-0.01000478,2.824955,-0.4862623,-0.09920053,2.801306,-0.1100053,0.6021578,3.096552,0.1360707,0.727932,3.120834,0.3072533,0.867032,3.084745,0.3539732,0.9292379,3.072624,-0.2769702,0.1531675,2.975817,-0.2087237,-0.3449317,2.995933,-0.1623478,-0.7308362,3.050683,-0.1641648,-0.8199039,3.013144,-0.1198097,0.1857234,3.017049,0.138431,-0.2504127,3.033717,0.4317459,-0.5611023,2.9928,0.5060539,-0.5951346,2.962384,976,Make-the-letter-K,
40193417.3032,-0.2185149,0.2513261,3.008496,-0.244954,0.3073368,3.062859,-0.3169546,0.6463442,3.051533,-0.3041383,0.8145304,3.004897,-0.4609888,0.4985853,3.003587,-0.4984195,0.2570267,2.947241,-0.4950604,-0.01217207,2.827085,-0.4834065,-0.1007631,2.802551,-0.1105762,0.602624,3.096209,0.1342406,0.7290967,3.12092,0.3047551,0.8690797,3.085246,0.3514746,0.9312851,3.073126,-0.27807,0.1527105,2.977718,-0.2073964,-0.3448549,2.997852,-0.1627152,-0.730431,3.050797,-0.1636515,-0.8195133,3.013271,-0.12049,0.1861765,3.016837,0.1396856,-0.2495112,3.033638,0.4338723,-0.5436561,2.988338,0.4514681,-0.5801622,2.908053,976,Make-the-letter-K,
40193453.3053,-0.2195465,0.2516337,3.009057,-0.245916,0.3076464,3.063341,-0.3176485,0.6462466,3.051545,-0.3046665,0.8146405,3.004917,-0.461753,0.4983287,3.00322,-0.4952489,0.2561422,2.948746,-0.4876622,-0.01048558,2.833559,-0.4783407,-0.1044493,2.804403,-0.111469,0.6025918,3.095223,0.1336763,0.7295201,3.121018,0.3047622,0.868753,3.085015,0.3514814,0.9309579,3.072895,-0.278472,0.1526114,2.979148,-0.2070985,-0.3421126,3.000881,-0.1618773,-0.7280133,3.05358,-0.1646006,-0.8189471,3.0124,-0.1225544,0.18768,3.01667,0.1410185,-0.24862,3.033025,0.4252453,-0.5353553,2.989532,0.4427359,-0.5718784,2.909231,976,Make-the-letter-K,
40193485.3071,-0.2196699,0.2513939,3.009465,-0.2461048,0.3075948,3.063578,-0.3177339,0.6464629,3.051419,-0.3046016,0.8141717,3.003932,-0.4617084,0.4982933,3.003026,-0.4938858,0.2549679,2.949496,-0.4862899,-0.0105138,2.836027,-0.4731177,-0.1131357,2.810685,-0.1114063,0.6028216,3.095507,0.1353256,0.7314491,3.121961,0.3070066,0.869722,3.084579,0.3537257,0.9319267,3.072458,-0.278524,0.1522304,2.979974,-0.2043544,-0.3452491,3.007634,-0.161217,-0.7306877,3.053581,-0.1654595,-0.8199676,3.01018,-0.1225758,0.1875107,3.016993,0.1424033,-0.2477248,3.033391,0.4243652,-0.5342906,2.989251,0.4419746,-0.5708234,2.908979,976,Make-the-letter-K,
40193519.309,-0.2200543,0.2512235,3.009808,-0.2464518,0.3074484,3.063895,-0.3176827,0.6463105,3.051598,-0.3039869,0.8139117,3.003919,-0.4617055,0.4982844,3.003103,-0.4922354,0.2537041,2.950101,-0.4853176,-0.009863078,2.839523,-0.4721106,-0.112193,2.813045,-0.1111353,0.6028021,3.095848,0.1365754,0.7319899,3.121581,0.308192,0.8705826,3.085667,0.3549109,0.9327872,3.073546,-0.2790948,0.1522256,2.980641,-0.2043107,-0.34272,3.007246,-0.1615837,-0.7301866,3.053559,-0.1640703,-0.8184047,3.009973,-0.1227978,0.1872172,3.017047,0.1428043,-0.2475821,3.033526,0.4579802,-0.5561249,2.979742,0.4756457,-0.5926614,2.899484,976,Make-the-letter-K,
40193553.311,-0.2200349,0.2509135,3.010375,-0.2463155,0.3070677,3.064496,-0.3166434,0.6454391,3.052428,-0.3037317,0.8136305,3.004309,-0.4618281,0.4982673,3.003308,-0.4913307,0.2523682,2.95104,-0.4806277,-0.01958683,2.839963,-0.4665508,-0.1214561,2.812191,-0.1111154,0.6028234,3.095868,0.1374657,0.7317376,3.121427,0.3224528,0.8680365,3.090631,0.3691716,0.9302409,3.078511,-0.279085,0.1516142,2.981763,-0.2039008,-0.3416988,3.006904,-0.1614364,-0.7306084,3.053329,-0.1638403,-0.8185217,3.009808,-0.1227853,0.1871283,3.017141,0.143472,-0.2477413,3.033776,0.4271247,-0.5369096,2.988906,0.4447365,-0.5734448,2.908636,976,Make-the-letter-K,
40193585.3128,-0.220021,0.2506886,3.011019,-0.2462958,0.3068901,3.065103,-0.3159003,0.6454207,3.053021,-0.3023135,0.8128424,3.004873,-0.4619792,0.4995506,3.00381,-0.4897604,0.2505968,2.95253,-0.4810658,-0.01662307,2.844218,-0.4664494,-0.118254,2.815858,-0.1106202,0.6030797,3.096828,0.1380367,0.7301358,3.121542,0.3181396,0.8581769,3.089977,0.3648582,0.9203811,3.077857,-0.279179,0.1514438,2.982437,-0.2039754,-0.3412683,3.006439,-0.1599014,-0.7320924,3.054549,-0.1637571,-0.8192206,3.009524,-0.1227214,0.1867851,3.017636,0.1444971,-0.2482555,3.034453,0.4505643,-0.5582816,2.987926,0.468296,-0.5948174,2.907683,976,Make-the-letter-K,
40193618.3147,-0.2197257,0.2505628,3.011478,-0.246078,0.306725,3.06547,-0.3143893,0.6443079,3.052867,-0.2997126,0.8120223,3.005835,-0.4613903,0.4997342,3.004436,-0.4886583,0.2496477,2.95485,-0.4814017,-0.01998403,2.849947,-0.4668323,-0.1203464,2.817362,-0.1090687,0.6022705,3.098524,0.140123,0.7267802,3.121551,0.3206891,0.8539566,3.088514,0.3674076,0.9161606,3.076394,-0.2789372,0.1513975,2.982917,-0.2038469,-0.3422137,3.005953,-0.1600059,-0.7305627,3.055398,-0.1626672,-0.8189052,3.010475,-0.1223213,0.1864801,3.01821,0.1451362,-0.2483798,3.034824,0.4508539,-0.5583593,2.987401,0.468837,-0.5949007,2.907216,976,Make-the-letter-K,
40193652.3166,-0.219599,0.2504836,3.011919,-0.2457622,0.306627,3.065921,-0.3124852,0.643533,3.053212,-0.2947167,0.812403,3.006775,-0.4600007,0.5016399,3.006795,-0.4875916,0.2484985,2.956061,-0.4824921,-0.01540747,2.854334,-0.4676177,-0.1151342,2.819982,-0.1078004,0.6020271,3.099998,0.1435416,0.726227,3.121317,0.3247102,0.8527753,3.089888,0.3837197,0.9031059,3.076339,-0.2789365,0.1515845,2.983455,-0.2037341,-0.3435695,3.005433,-0.1597585,-0.7309712,3.054229,-0.1638565,-0.8189415,3.009147,-0.1222607,0.186148,3.018623,0.1452024,-0.2488634,3.035275,0.4506944,-0.5581368,2.987114,0.4686006,-0.5946898,2.906917,976,Make-the-letter-K,
40193685.3185,-0.2192153,0.2500852,3.012655,-0.2452486,0.3059062,3.066943,-0.3103299,0.6444231,3.057482,-0.2932758,0.8123417,3.007705,-0.4596068,0.5018245,3.007593,-0.4863759,0.2473027,2.957955,-0.4834436,-0.01306163,2.857723,-0.4688721,-0.1127105,2.823017,-0.1059367,0.6017907,3.102483,0.1457843,0.7243909,3.121805,0.3256081,0.8527284,3.089543,0.3800145,0.8972054,3.076504,-0.2788861,0.151441,2.983432,-0.2036054,-0.3439578,3.00506,-0.1592632,-0.7322466,3.05397,-0.1617579,-0.8190917,3.009347,-0.1215356,0.1849506,3.019892,0.1457671,-0.24985,3.035967,0.4497709,-0.5584257,2.98745,0.467842,-0.594904,2.907257,976,Make-the-letter-K,
40193721.3206,-0.2188714,0.2497902,3.01307,-0.244935,0.3056031,3.067304,-0.3099217,0.643733,3.057341,-0.2895891,0.8130136,3.010339,-0.4587921,0.5023388,3.008309,-0.4856957,0.2470711,2.958556,-0.4835982,-0.01402738,2.861001,-0.4677997,-0.1130221,2.824982,-0.1052469,0.6014227,3.10335,0.1478695,0.7195171,3.123085,0.3272656,0.8484465,3.090783,0.3991482,0.9001241,3.081446,-0.2787343,0.1513621,2.983442,-0.2035173,-0.346817,3.004618,-0.1593755,-0.7320719,3.053941,-0.1606974,-0.8194622,3.00889,-0.120858,0.1841366,3.021066,0.1456112,-0.2505678,3.036332,0.4464924,-0.5673764,2.988536,0.5135304,-0.5948269,2.960954,976,Make-the-letter-K,
40193754.3225,-0.2185169,0.2489945,3.013558,-0.244503,0.3049617,3.067743,-0.3087071,0.6433008,3.05732,-0.2884136,0.8137219,3.010981,-0.4572052,0.5022713,3.008968,-0.4854647,0.2474185,2.960155,-0.4826168,-0.01836868,2.86108,-0.4642287,-0.1175039,2.826712,-0.1039516,0.6002358,3.104039,0.1478883,0.7172353,3.124398,0.3288425,0.8439445,3.091924,0.3985061,0.8952016,3.080967,-0.2785455,0.1506792,2.983547,-0.2028606,-0.3485313,3.004262,-0.1592967,-0.7321185,3.053851,-0.1599869,-0.8193979,3.007964,-0.1207325,0.1833065,3.021823,0.1426498,-0.2525157,3.037766,0.4377528,-0.5690392,2.992126,0.5123878,-0.5965313,2.962265,976,Make-the-letter-K,
40193785.3243,-0.2176384,0.2485919,3.014265,-0.2433488,0.3046002,3.06847,-0.30592,0.6425601,3.057539,-0.2876602,0.8137317,3.012265,-0.4570033,0.5020049,3.009235,-0.4844443,0.2465519,2.962191,-0.4826438,-0.01749326,2.862632,-0.4636005,-0.1160837,2.827073,-0.1038334,0.6002703,3.104218,0.148922,0.7161935,3.124589,0.3306947,0.8420593,3.09455,0.3987628,0.8920199,3.085739,-0.2782784,0.1505312,2.983724,-0.2023291,-0.3442351,3.001787,-0.1589665,-0.7326314,3.054448,-0.1596109,-0.8194255,3.007836,-0.1195853,0.1823181,3.022997,0.1425388,-0.2529759,3.03791,0.4103572,-0.5506561,3.00044,0.4991261,-0.592553,2.967859,976,Make-the-letter-K,
40193822.3264,-0.2165118,0.2478772,3.015192,-0.2420514,0.3039091,3.069298,-0.3023631,0.6408806,3.057327,-0.2844421,0.8127196,3.013504,-0.4549727,0.5010078,3.009183,-0.4837018,0.2462064,2.962425,-0.4797066,-0.02270883,2.861297,-0.4613893,-0.1209618,2.825847,-0.1032391,0.6000975,3.104948,0.1483599,0.7094886,3.126559,0.3283489,0.8380268,3.09764,0.3998894,0.891683,3.086582,-0.2770533,0.1498742,2.985099,-0.2024312,-0.3455385,3.001857,-0.1589336,-0.7326458,3.054329,-0.1623332,-0.8219171,3.009825,-0.1192658,0.1819912,3.023421,0.142074,-0.2535935,3.03828,0.4377875,-0.5812677,2.999557,0.5032582,-0.6049038,2.967954,976,Make-the-letter-K,
40193854.3282,-0.2149165,0.247302,3.016757,-0.2404837,0.3034225,3.07081,-0.2997631,0.6409325,3.058708,-0.2823631,0.8149697,3.01532,-0.4526356,0.5004958,3.009273,-0.4834013,0.2455986,2.962863,-0.4798112,-0.02339558,2.862034,-0.4613835,-0.1220201,2.826242,-0.1006456,0.5992138,3.10702,0.1491546,0.7094936,3.126784,0.3295119,0.8375522,3.098187,0.4001478,0.8908635,3.087397,-0.2763003,0.1496413,2.985907,-0.2027662,-0.3456082,3.00161,-0.15864,-0.7325816,3.052008,-0.162703,-0.822473,3.006276,-0.1174882,0.1809646,3.02543,0.142246,-0.2557144,3.039991,0.4353185,-0.5839583,3.000765,0.5005271,-0.613981,2.974492,976,Make-the-letter-K,
40193885.33,-0.2142817,0.2477062,3.017607,-0.2401147,0.3037941,3.071447,-0.2988401,0.6410522,3.058832,-0.2785372,0.8144308,3.016719,-0.4506187,0.5004078,3.009349,-0.4826101,0.2449496,2.963591,-0.4798101,-0.02176204,2.86297,-0.461483,-0.1200941,2.82633,-0.09814787,0.5994881,3.109731,0.1512887,0.7093182,3.127893,0.3306716,0.8385406,3.097632,0.4031152,0.8904945,3.085724,-0.2757895,0.1502881,2.986883,-0.2027469,-0.3459533,3.001379,-0.1584159,-0.7324338,3.052096,-0.1629635,-0.8232043,3.005596,-0.116967,0.181089,3.026246,0.1391241,-0.2550995,3.041192,0.4321315,-0.5856636,3.003379,0.4970321,-0.6169971,2.977885,976,Make-the-letter-K,
40193921.332,-0.2135808,0.247367,3.018605,-0.2396572,0.3036162,3.072319,-0.295967,0.6421198,3.059862,-0.2722931,0.8155712,3.020544,-0.4462932,0.5034112,3.009046,-0.481991,0.244634,2.963865,-0.4795702,-0.01920561,2.863504,-0.4615593,-0.1170617,2.826668,-0.09535947,0.5988289,3.112149,0.1516007,0.7085304,3.128729,0.3307347,0.8380654,3.098208,0.4030691,0.8889242,3.084458,-0.2755628,0.1502678,2.987129,-0.2025886,-0.3461561,3.001245,-0.1576232,-0.7321035,3.05163,-0.1619334,-0.8221006,3.006012,-0.1164906,0.180135,3.028393,0.136037,-0.2549118,3.043018,0.4278199,-0.5865693,3.005552,0.4937683,-0.6164185,2.980807,976,Make-the-letter-K,
40193953.3339,-0.2121987,0.2477736,3.02023,-0.2387489,0.3040901,3.073705,-0.2918693,0.6429984,3.061129,-0.2670708,0.8159374,3.021974,-0.4409186,0.5045675,3.009555,-0.4809501,0.2443178,2.963828,-0.4808908,-0.01608688,2.863068,-0.4628583,-0.1145844,2.826723,-0.08945236,0.6002696,3.119746,0.1520274,0.7076117,3.129211,0.3313234,0.8364494,3.095324,0.402675,0.8851719,3.081226,-0.2748283,0.1508119,2.987584,-0.2096415,-0.3424147,2.997911,-0.1575063,-0.732301,3.050908,-0.1616807,-0.8218326,3.00519,-0.1152703,0.1796505,3.031675,0.1214787,-0.2536485,3.050459,0.4192837,-0.5797706,3.009106,0.493694,-0.6154584,2.984712,976,Make-the-letter-K,
40193985.3357,-0.2102276,0.2474812,3.021731,-0.2366236,0.3036868,3.075262,-0.2874351,0.6423689,3.063398,-0.2571633,0.814237,3.026744,-0.4367603,0.5061148,3.00886,-0.4795435,0.2435684,2.962746,-0.4826238,-0.01186654,2.858402,-0.4681418,-0.1050534,2.823559,-0.08816387,0.6002062,3.120559,0.1526985,0.705631,3.129045,0.3317229,0.8344969,3.093003,0.404848,0.8850572,3.077291,-0.2733477,0.1512613,2.987916,-0.2084582,-0.3434288,2.998837,-0.1571571,-0.73349,3.049762,-0.161841,-0.8231716,3.005971,-0.113762,0.1785,3.03406,0.1249674,-0.2557039,3.052736,0.4215034,-0.5829471,3.010576,0.4926761,-0.614425,2.988616,976,Make-the-letter-K,
40194020.3377,-0.2092162,0.2477724,3.022731,-0.2356438,0.3040436,3.076081,-0.2835193,0.6420267,3.063542,-0.2526906,0.8146404,3.028098,-0.4338233,0.5070039,3.008434,-0.4781158,0.2463616,2.961597,-0.4842699,-0.01049081,2.847462,-0.4703587,-0.102563,2.820995,-0.08496738,0.6000388,3.122743,0.153198,0.7046967,3.128594,0.3326989,0.8324308,3.089983,0.4046096,0.8822889,3.069001,-0.2728136,0.1516785,2.988041,-0.2113493,-0.3373204,2.99848,-0.1569206,-0.7339397,3.048295,-0.1615681,-0.8231074,3.005331,-0.1129361,0.1778778,3.0365,0.1254127,-0.256559,3.053637,0.4212751,-0.5846931,3.020692,0.4916247,-0.6136252,2.992185,976,Make-the-letter-K,
40194052.3395,-0.2074252,0.2479434,3.025199,-0.2341669,0.3044996,3.078048,-0.277679,0.6425396,3.064197,-0.2412161,0.8160908,3.0292,-0.4290937,0.5090427,3.00763,-0.4779572,0.2494951,2.959398,-0.4863032,-0.01427648,2.840271,-0.4720262,-0.1027008,2.820106,-0.08092172,0.5992191,3.127352,0.1540629,0.7038187,3.127781,0.3339432,0.8307455,3.087797,0.4028038,0.8786547,3.0621,-0.2718124,0.1521483,2.988878,-0.2108645,-0.3392982,2.999331,-0.1572878,-0.7329826,3.048487,-0.1613868,-0.8233493,3.003574,-0.1118591,0.1767559,3.04182,0.122394,-0.2584358,3.059305,0.420035,-0.5849503,3.025835,0.4925537,-0.6132362,3.001047,976,Make-the-letter-K,
40194087.3415,-0.2042274,0.2478482,3.028255,-0.2315291,0.3047229,3.080241,-0.2740592,0.6427526,3.064625,-0.231523,0.8153083,3.031578,-0.422164,0.5108253,3.005384,-0.4770822,0.2544369,2.95598,-0.4887347,-0.01103353,2.830792,-0.4818728,-0.0987496,2.815605,-0.07852782,0.598053,3.129164,0.1561958,0.701456,3.127111,0.3354322,0.8289529,3.085515,0.4046849,0.8794172,3.060303,-0.2684022,0.1529999,2.990498,-0.2136126,-0.3381965,2.998026,-0.1573827,-0.7328595,3.048687,-0.1612086,-0.8234038,3.003156,-0.1096129,0.1757005,3.047287,0.09513794,-0.2590541,3.070219,0.4069187,-0.5719452,3.031223,0.4325007,-0.60849,2.953132,976,Make-the-letter-K,
40194120.3434,-0.2014754,0.2476447,3.031322,-0.229295,0.3047651,3.082595,-0.2711022,0.6431912,3.06635,-0.2243297,0.8149741,3.031482,-0.4176663,0.5118936,3.004797,-0.4799419,0.2650585,2.951416,-0.4935281,-0.006132422,2.82637,-0.4867859,-0.0957223,2.813198,-0.07390504,0.5974354,3.13424,0.1606038,0.7010788,3.125328,0.3389328,0.8300072,3.084518,0.4050618,0.8761215,3.059185,-0.2659591,0.1529393,2.991676,-0.2149813,-0.3385423,2.998104,-0.1576684,-0.7326642,3.048605,-0.1609475,-0.8235677,3.001637,-0.1071646,0.1747985,3.052567,0.09348623,-0.2603824,3.071957,0.4052935,-0.5734346,3.040581,0.4321093,-0.6099767,2.962903,976,Make-the-letter-K,
40194153.3453,-0.2000527,0.2469393,3.032778,-0.2281155,0.304243,3.083234,-0.2692789,0.6421975,3.06621,-0.2203268,0.8141574,3.031379,-0.4151979,0.5116368,3.003073,-0.4816487,0.2667769,2.944837,-0.4961026,-0.005736948,2.821845,-0.4900421,-0.09444439,2.810804,-0.07310545,0.5975089,3.135268,0.1610575,0.6993493,3.125132,0.3388564,0.8290585,3.08457,0.4059836,0.8769714,3.059427,-0.2637778,0.1525109,2.993462,-0.2134093,-0.3437251,3.00246,-0.159281,-0.7330632,3.04929,-0.1612799,-0.8237904,3.001729,-0.1065974,0.1741874,3.053899,0.09328106,-0.2651296,3.078279,0.4067183,-0.5765741,3.051526,0.4342331,-0.6131393,2.974104,976,Make-the-letter-K,
40194186.3472,-0.1993965,0.2464262,3.0335,-0.227572,0.3039344,3.083451,-0.2683602,0.6424423,3.066747,-0.2186233,0.8146442,3.030025,-0.4129339,0.5123516,3.001901,-0.482584,0.2668725,2.942223,-0.4991537,-0.002010105,2.816739,-0.4968044,-0.09074723,2.803226,-0.07273765,0.5976598,3.135783,0.1613758,0.6977159,3.125722,0.339893,0.8259302,3.082819,0.4067504,0.8766162,3.057893,-0.2631572,0.1524454,2.993915,-0.2157163,-0.3382154,3.002441,-0.1595801,-0.7339289,3.049663,-0.1613813,-0.8239086,3.00175,-0.1063564,0.173699,3.054604,0.09537074,-0.2648719,3.080376,0.4040506,-0.5809166,3.061457,0.4320593,-0.6174752,2.984209,976,Make-the-letter-K,
40194220.3491,-0.1983191,0.2456641,3.034571,-0.2266654,0.3033135,3.084015,-0.2674286,0.6421755,3.067502,-0.2173474,0.8128926,3.031733,-0.4113766,0.5124416,3.000721,-0.4841333,0.2700403,2.935991,-0.5004153,0.001982414,2.81029,-0.4977583,-0.08863525,2.797355,-0.07192146,0.5970243,3.136875,0.162577,0.6970931,3.126093,0.3415623,0.8247195,3.083488,0.4113902,0.8762361,3.063507,-0.2618559,0.1522796,2.994665,-0.2168053,-0.335549,3.003069,-0.1597575,-0.7339138,3.049271,-0.1614656,-0.8239733,3.001819,-0.1056993,0.1725996,3.055845,0.1059202,-0.2675506,3.084375,0.4110274,-0.5870283,3.066153,0.4395695,-0.6235766,2.989096,976,Make-the-letter-K,
40194253.351,-0.1979415,0.2455455,3.035031,-0.2263304,0.3033588,3.083962,-0.266941,0.642403,3.067523,-0.2160523,0.8132843,3.031408,-0.4109753,0.512683,3.000344,-0.4841361,0.2690372,2.934079,-0.4999512,0.005903045,2.807405,-0.4979516,-0.08718553,2.794848,-0.07177888,0.59675,3.137795,0.1623425,0.695973,3.126258,0.3413078,0.8237106,3.084029,0.414068,0.8750303,3.061185,-0.2613436,0.1522505,2.994929,-0.2193136,-0.3201881,2.998079,-0.1613683,-0.7327556,3.049529,-0.1630022,-0.8230995,3.007094,-0.105533,0.1723788,3.056768,0.1181521,-0.2695627,3.088976,0.4178836,-0.5940577,3.071859,0.485616,-0.6250509,3.054672,976,Make-the-letter-K,
40194285.3529,-0.1973133,0.2460904,3.035844,-0.2257537,0.3039682,3.08417,-0.2656251,0.6426565,3.06767,-0.2156547,0.8134536,3.031243,-0.4107487,0.5127905,2.999636,-0.4837313,0.2688173,2.929997,-0.4981846,0.006210235,2.803589,-0.4962056,-0.08957969,2.788363,-0.0706298,0.5969173,3.139822,0.1641755,0.6936593,3.12848,0.3429498,0.8216635,3.086248,0.4164749,0.8742026,3.062962,-0.2607898,0.1528172,2.995813,-0.2191608,-0.3202367,2.998329,-0.1635604,-0.7306569,3.052006,-0.1638298,-0.8231348,3.00768,-0.1050916,0.1726951,3.057499,0.1020522,-0.2618908,3.090925,0.4048361,-0.5834159,3.077154,0.4341762,-0.619976,3.000404,976,Make-the-letter-K,
40194321.3549,-0.196859,0.2463562,3.036142,-0.2254942,0.3042736,3.083822,-0.2655425,0.6427594,3.067271,-0.2153289,0.8140597,3.030915,-0.4105512,0.5130739,2.998713,-0.4833213,0.2689629,2.929593,-0.4964131,0.006526699,2.800256,-0.493386,-0.08792439,2.781854,-0.0709101,0.5971646,3.140701,0.16413,0.6925147,3.129457,0.3439764,0.8195341,3.089702,0.4188392,0.8720584,3.066833,-0.2600054,0.153319,2.99604,-0.2185324,-0.3232524,3.000619,-0.1636994,-0.730514,3.052078,-0.1632311,-0.8207036,3.009248,-0.1045213,0.1729119,3.058337,0.1058958,-0.2614988,3.090821,0.4038929,-0.5872369,3.08171,0.4336323,-0.6237978,3.005114,976,Make-the-letter-K,
40194353.3567,-0.196809,0.2465696,3.0363,-0.2254783,0.3045592,3.083445,-0.2655616,0.6430003,3.067046,-0.2159229,0.8139173,3.031122,-0.4106579,0.5125771,2.997511,-0.4813421,0.2685584,2.929492,-0.4894417,0.005895275,2.793877,-0.483404,-0.08721142,2.767493,-0.071353,0.5975057,3.141091,0.164511,0.6913568,3.131361,0.3442449,0.8185203,3.091534,0.4219857,0.873464,3.070776,-0.2599245,0.1534296,2.996093,-0.2191256,-0.3238587,3.001225,-0.1638698,-0.7304808,3.052251,-0.1651569,-0.8222723,3.007107,-0.1045227,0.1732658,3.058794,0.1055205,-0.264773,3.094203,0.4055772,-0.5887718,3.082158,0.4356286,-0.6253315,3.005684,976,Make-the-letter-K,
40194385.3586,-0.1972094,0.2471371,3.036429,-0.2259307,0.3051798,3.08302,-0.2661133,0.6434672,3.066713,-0.2190195,0.8155593,3.031991,-0.4109229,0.5125858,2.996793,-0.4786957,0.2673742,2.929128,-0.4877852,0.006291895,2.793102,-0.4785949,-0.08390182,2.766721,-0.07199746,0.5990934,3.142439,0.1630508,0.6908526,3.134089,0.3430732,0.8179755,3.096146,0.42277,0.8736793,3.073947,-0.2602412,0.1540227,2.996196,-0.2203968,-0.3298234,3.00512,-0.1644669,-0.7299689,3.052758,-0.1658138,-0.8216636,3.008121,-0.104923,0.1736626,3.058971,0.1047237,-0.2657132,3.095438,0.4051166,-0.5894464,3.082464,0.4355484,-0.626003,3.006139,976,Make-the-letter-K,
40194421.3606,-0.1975649,0.2476459,3.036432,-0.2263028,0.3057007,3.082555,-0.266206,0.6437626,3.066657,-0.2223858,0.8158101,3.030491,-0.4114781,0.5119441,2.994496,-0.4753821,0.2646938,2.927634,-0.4822382,0.006499828,2.789474,-0.4706838,-0.08380145,2.759845,-0.07290529,0.5997312,3.142353,0.1626396,0.6909805,3.13459,0.3432738,0.8180247,3.101301,0.4240197,0.8741427,3.078439,-0.2606561,0.1549733,2.996541,-0.2120163,-0.3457758,3.018904,-0.164709,-0.7294911,3.05342,-0.1659657,-0.8218875,3.00936,-0.1056984,0.174442,3.058558,0.1192239,-0.2702008,3.098243,0.4141262,-0.5990291,3.08325,0.4449633,-0.6355734,3.007082,976,Make-the-letter-K,
40194453.3625,-0.1977235,0.247772,3.036379,-0.2263784,0.305903,3.08214,-0.2662775,0.6440124,3.066581,-0.2280315,0.8171684,3.030048,-0.412659,0.5114271,2.993505,-0.4730514,0.26276,2.926113,-0.4755145,0.008005247,2.788836,-0.4631184,-0.08315742,2.758518,-0.07376063,0.6006616,3.142426,0.1620408,0.6915082,3.136325,0.3427725,0.8188716,3.106352,0.4248628,0.8753915,3.082397,-0.2609412,0.1550062,2.996213,-0.2098349,-0.3458691,3.021607,-0.1649223,-0.7298986,3.055788,-0.1638176,-0.8199713,3.013972,-0.1057894,0.1744522,3.058598,0.1176313,-0.2704347,3.099577,0.4134257,-0.5985067,3.083375,0.4443932,-0.6350483,3.007259,976,Make-the-letter-K,
40194485.3643,-0.1989642,0.2487927,3.036083,-0.2274355,0.3068093,3.08149,-0.2673832,0.6441151,3.066044,-0.2308032,0.8175312,3.031481,-0.416081,0.5107042,2.991814,-0.4710093,0.2620844,2.923576,-0.4646703,-0.001935722,2.784786,-0.4547548,-0.08755624,2.75789,-0.07453904,0.6011404,3.142159,0.1608686,0.6923447,3.138088,0.3413605,0.8201932,3.109332,0.4244014,0.8824813,3.095999,-0.2621593,0.1555982,2.996114,-0.2094116,-0.3461102,3.022445,-0.1653055,-0.7285408,3.056684,-0.162224,-0.8192588,3.015031,-0.1066234,0.1751898,3.058119,0.1143783,-0.2704126,3.101945,0.4112599,-0.5975589,3.084013,0.4422638,-0.6341029,3.007914,976,Make-the-letter-K,
40194520.3663,-0.1995279,0.2487332,3.036045,-0.2278848,0.3068872,3.081105,-0.2674323,0.6443607,3.066007,-0.2318517,0.8180863,3.030908,-0.4161092,0.5099505,2.989915,-0.4685678,0.2610363,2.923615,-0.4614779,-0.003360527,2.784614,-0.4479977,-0.09039982,2.757904,-0.07524536,0.6013645,3.141668,0.1609855,0.6939533,3.139099,0.340826,0.8229295,3.112351,0.4263247,0.8842252,3.095541,-0.2627045,0.1556173,2.996161,-0.206672,-0.3489548,3.026269,-0.1658796,-0.7283076,3.057432,-0.1609813,-0.8181059,3.014841,-0.1079228,0.1751141,3.05788,0.1154574,-0.2705331,3.10211,0.4122871,-0.5977342,3.08398,0.4435794,-0.6342747,3.007998,976,Make-the-letter-K,
40194554.3682,-0.1997502,0.2484785,3.035903,-0.2282133,0.3068358,3.080535,-0.2675643,0.6447589,3.06539,-0.2322505,0.8178865,3.030568,-0.4149955,0.5084654,2.987909,-0.4652992,0.2577239,2.922456,-0.4579655,-0.004385815,2.785365,-0.4427658,-0.09248114,2.758006,-0.07613292,0.6016167,3.141656,0.1610463,0.6945304,3.13983,0.3473867,0.8334104,3.113657,0.424,0.8837228,3.095403,-0.26276,0.155569,2.996166,-0.205295,-0.3500923,3.028038,-0.1648716,-0.7314466,3.05684,-0.1595308,-0.8190396,3.015864,-0.108513,0.1749587,3.057662,0.1155835,-0.2710159,3.103237,0.4133199,-0.597418,3.084247,0.4450959,-0.6339591,3.008466,976,Make-the-letter-K,
40194585.37,-0.2008261,0.2484844,3.035694,-0.229156,0.3070575,3.079846,-0.2680746,0.6451413,3.064487,-0.2333078,0.8186439,3.029758,-0.4155371,0.5078866,2.986542,-0.4640886,0.255978,2.921716,-0.4493818,-0.00715221,2.78686,-0.4327677,-0.09452043,2.76352,-0.07615639,0.6016302,3.141653,0.1605912,0.6945238,3.139986,0.3455747,0.8314155,3.116011,0.4223199,0.884159,3.099146,-0.2641402,0.1553965,2.996203,-0.2055213,-0.3500728,3.028152,-0.1640678,-0.7318801,3.05702,-0.1591723,-0.8189297,3.01533,-0.1096725,0.1748921,3.05744,0.1190158,-0.2690882,3.102669,0.4140902,-0.5978842,3.084287,0.4460948,-0.6344474,3.008613,976,Make-the-letter-K,
40194620.372,-0.2011115,0.2484707,3.035598,-0.2294217,0.3072021,3.079255,-0.2682432,0.6453236,3.063644,-0.2316456,0.8183599,3.027133,-0.4151587,0.5074157,2.985713,-0.463254,0.2561547,2.921122,-0.4460744,-0.006638479,2.789505,-0.4268714,-0.09320568,2.769815,-0.07607754,0.6018925,3.142071,0.1605888,0.6944256,3.140056,0.341559,0.8281652,3.119947,0.4242511,0.885595,3.099716,-0.2643602,0.1553962,2.99639,-0.2051961,-0.3498112,3.028236,-0.1637757,-0.7319782,3.05711,-0.1606047,-0.8205521,3.014597,-0.1103167,0.1749593,3.057086,0.119538,-0.2687172,3.102347,0.4149766,-0.5971826,3.08415,0.4472387,-0.6337621,3.008595,976,Make-the-letter-K,
40194652.3738,-0.2015742,0.2481437,3.035599,-0.2297919,0.3070347,3.078786,-0.2682148,0.6452364,3.063474,-0.2317251,0.818338,3.02706,-0.4155102,0.5067164,2.983802,-0.4627936,0.2561779,2.920576,-0.4422218,-0.005098194,2.789055,-0.4250187,-0.09336796,2.769497,-0.07613976,0.6019208,3.142121,0.1605296,0.6939496,3.140494,0.3407682,0.8225281,3.115486,0.4267752,0.8820857,3.095347,-0.2650329,0.1547727,2.996768,-0.2047034,-0.3505061,3.028205,-0.1626477,-0.7341501,3.057992,-0.1610156,-0.8211666,3.013869,-0.1109491,0.1747608,3.056924,0.1250132,-0.2688662,3.101719,0.4167408,-0.6004772,3.087977,0.4827674,-0.634595,3.070098,976,Make-the-letter-K,
40194685.3757,-0.2022226,0.2473806,3.035535,-0.2304133,0.3065042,3.078221,-0.2683907,0.645036,3.063104,-0.231937,0.8180656,3.027169,-0.4144702,0.5052288,2.982288,-0.4613994,0.2565236,2.919026,-0.4366393,-0.006459158,2.790248,-0.4199876,-0.0940122,2.771653,-0.07609451,0.6018957,3.142411,0.1609389,0.6922424,3.1417,0.3417618,0.8199047,3.115658,0.4271831,0.8800926,3.097506,-0.2656177,0.1540525,2.996953,-0.2040583,-0.3508097,3.028083,-0.16215,-0.735195,3.057353,-0.162124,-0.821278,3.009124,-0.1117634,0.1741004,3.056826,0.1277084,-0.2691429,3.102321,0.4182278,-0.6018339,3.088104,0.4852085,-0.6341221,3.070376,976,Make-the-letter-K,
40194720.3777,-0.2034415,0.2465743,3.035389,-0.2313631,0.30601,3.07773,-0.2684126,0.6450378,3.063078,-0.2319841,0.8178356,3.02716,-0.4137034,0.5047621,2.981277,-0.4606622,0.2571586,2.917881,-0.4327966,-0.009318637,2.79085,-0.4165505,-0.09659845,2.772314,-0.076111,0.6017308,3.142548,0.1610417,0.6913022,3.141783,0.3443964,0.8148425,3.111695,0.4260893,0.8735207,3.091889,-0.2666997,0.1536941,2.997051,-0.2038427,-0.3512016,3.027716,-0.162192,-0.7352336,3.057321,-0.1621732,-0.8213655,3.008632,-0.1138878,0.1730381,3.056383,0.1290581,-0.2696071,3.102372,0.4210842,-0.6009946,3.087731,0.4885219,-0.6330906,3.071446,976,Make-the-letter-K,
40194752.3796,-0.2036247,0.2461394,3.035315,-0.2316492,0.3056988,3.077237,-0.2684912,0.6449737,3.062821,-0.2321285,0.8175648,3.027161,-0.4128764,0.5045912,2.980474,-0.4601164,0.2569788,2.917657,-0.4320688,-0.009581619,2.790462,-0.4161024,-0.09686095,2.772515,-0.0763692,0.6015692,3.143538,0.1611954,0.6900252,3.142703,0.3460494,0.8111217,3.111248,0.4267001,0.8718888,3.09187,-0.2667584,0.1535926,2.997061,-0.2031888,-0.3485891,3.026757,-0.1626017,-0.7355099,3.057477,-0.1609033,-0.8216968,3.010197,-0.114148,0.1726753,3.056358,0.1288284,-0.2698645,3.102659,0.4220936,-0.6002065,3.086715,0.4557627,-0.6367903,3.011779,976,Make-the-letter-K,
40194786.3815,-0.2036487,0.2460868,3.035296,-0.2317545,0.3056994,3.076844,-0.2684818,0.6450051,3.062606,-0.2320963,0.8171506,3.02685,-0.4121762,0.5045072,2.979527,-0.4601167,0.2562745,2.915666,-0.431176,-0.0111811,2.790156,-0.4154255,-0.09765962,2.772746,-0.07620358,0.6015317,3.144357,0.1612655,0.6867273,3.143374,0.345943,0.8081155,3.112082,0.4229593,0.8589973,3.100325,-0.2668199,0.1535205,2.997054,-0.2030489,-0.3487852,3.026181,-0.1630831,-0.7325763,3.057092,-0.1602979,-0.8215386,3.010384,-0.1141479,0.1726743,3.056361,0.1236423,-0.2678914,3.102528,0.4192151,-0.5961858,3.086194,0.4532519,-0.6327626,3.011421,976,Make-the-letter-K,
40194821.3835,-0.2036882,0.245978,3.035214,-0.2318572,0.305618,3.076444,-0.2684709,0.6449662,3.062554,-0.2311786,0.8159418,3.024982,-0.4117937,0.5042821,2.979157,-0.4597403,0.2560604,2.91553,-0.4306314,-0.01249017,2.789958,-0.4138846,-0.09874672,2.773778,-0.07658604,0.6018424,3.14553,0.1607414,0.6853653,3.143917,0.3461621,0.8056617,3.112956,0.4274689,0.8570663,3.104497,-0.2667947,0.1534379,2.996968,-0.2019762,-0.3499533,3.02587,-0.1634794,-0.7327566,3.057291,-0.1595357,-0.8214961,3.010821,-0.1142552,0.1726396,3.0563,0.1276178,-0.2689948,3.102667,0.4207854,-0.5994238,3.086814,0.4551433,-0.635988,3.012182,976,Make-the-letter-K,
40194853.3853,-0.2040337,0.2454817,3.034838,-0.2321703,0.3051924,3.075887,-0.268553,0.6448467,3.062464,-0.2317608,0.8159549,3.025573,-0.4112464,0.5046917,2.978923,-0.4595826,0.2562137,2.915414,-0.4306509,-0.01259962,2.789964,-0.413882,-0.09873004,2.773775,-0.07675579,0.6017395,3.145727,0.1589367,0.6820181,3.146671,0.3451251,0.8007805,3.113454,0.4345691,0.8459045,3.098536,-0.2668817,0.1533409,2.996785,-0.201987,-0.350233,3.02573,-0.1637132,-0.7328721,3.057542,-0.1592342,-0.8214777,3.010312,-0.1150056,0.1722066,3.055759,0.1299372,-0.2692661,3.102446,0.4206876,-0.601817,3.086835,0.4551929,-0.6383721,3.012267,976,Make-the-letter-K,
40194885.3872,-0.2041512,0.2454303,3.034737,-0.2324275,0.305136,3.075581,-0.2686542,0.6448965,3.062627,-0.2318513,0.8158749,3.025666,-0.4104853,0.5046182,2.97826,-0.4594778,0.25615,2.915212,-0.4302444,-0.01193508,2.790102,-0.412571,-0.09906934,2.77647,-0.07685894,0.6017231,3.147077,0.1628774,0.6797745,3.148829,0.3553129,0.787311,3.111489,0.4458579,0.8296316,3.090791,-0.2669137,0.153364,2.996515,-0.201663,-0.350658,3.025165,-0.1644999,-0.7319412,3.058036,-0.1583302,-0.8201106,3.00807,-0.115306,0.1721804,3.055636,0.1298651,-0.2696875,3.101766,0.4180917,-0.6043929,3.087152,0.4857765,-0.6366478,3.072274,976,Make-the-letter-K,
40194920.3892,-0.2038758,0.2453519,3.034576,-0.232259,0.3050981,3.075301,-0.2685081,0.6450764,3.062634,-0.2329386,0.8172689,3.026756,-0.4102194,0.504521,2.977946,-0.4591297,0.2562472,2.914745,-0.4292517,-0.01236246,2.790444,-0.4111011,-0.100779,2.780826,-0.07714312,0.6020477,3.147647,0.1790695,0.6743878,3.150531,0.3766689,0.7684962,3.101321,0.4739552,0.7965917,3.0682,-0.2664732,0.1534551,2.996206,-0.2013589,-0.3510203,3.024909,-0.164257,-0.7323636,3.057877,-0.1582469,-0.8199283,3.007988,-0.1150713,0.1721028,3.055521,0.1315024,-0.2706367,3.100755,0.4165686,-0.6079962,3.087226,0.4516761,-0.6445143,3.012923,976,Make-the-letter-K,
40194952.391,-0.2036148,0.2444562,3.034057,-0.232208,0.3044927,3.074762,-0.2686565,0.6452555,3.06245,-0.2336522,0.817095,3.027111,-0.4099399,0.5042548,2.977652,-0.4586729,0.2554803,2.914185,-0.428181,-0.01273103,2.791036,-0.4108137,-0.1008597,2.781533,-0.0774387,0.6021138,3.148408,0.1772868,0.6501482,3.154698,0.3862415,0.70742,3.093784,0.4832857,0.7321631,3.057434,-0.2658574,0.1521651,2.995093,-0.2018963,-0.354275,3.0255,-0.1642218,-0.7327638,3.057645,-0.1578593,-0.8203503,3.008983,-0.1148922,0.1715826,3.055385,0.1285037,-0.2710276,3.099586,0.4142509,-0.6078514,3.085089,0.4495712,-0.6443511,3.010877,976,Make-the-letter-K,
40194988.3931,-0.2037042,0.2440289,3.033651,-0.2324934,0.3041647,3.074145,-0.2698313,0.6456101,3.061557,-0.2341709,0.8177061,3.0275,-0.409784,0.5038757,2.976866,-0.4581953,0.2552834,2.914054,-0.4253879,-0.01506179,2.792947,-0.4090499,-0.1012082,2.783326,-0.07763954,0.6018321,3.148876,0.1843523,0.6132044,3.150882,0.3897737,0.6473646,3.059789,0.4630809,0.6435913,3.031277,-0.2658078,0.1520584,2.995041,-0.2015682,-0.3548679,3.02519,-0.1637708,-0.7328875,3.057437,-0.1615881,-0.8214322,3.005773,-0.1149874,0.1712721,3.054784,0.1254631,-0.2707325,3.098381,0.4088764,-0.6095757,3.082484,0.4444496,-0.6460698,3.00839,976,Make-the-letter-K,
40195020.3949,-0.2039856,0.2405115,3.031832,-0.2330503,0.3013427,3.072578,-0.2715667,0.645398,3.06077,-0.2358028,0.818342,3.028892,-0.4097944,0.5036506,2.976587,-0.4573209,0.2553958,2.914455,-0.4201638,-0.01752354,2.796292,-0.3994839,-0.1034098,2.788157,-0.0791093,0.5964183,3.14665,0.1736292,0.5574073,3.149149,0.3767362,0.5608622,3.04636,0.4588245,0.5484881,2.979582,-0.2655522,0.1493434,2.993632,-0.2001933,-0.3602503,3.024847,-0.1637594,-0.732893,3.057539,-0.1633342,-0.8225195,3.006518,-0.1152052,0.1689706,3.053116,0.1255919,-0.270955,3.097744,0.4077313,-0.6109589,3.078559,0.4432101,-0.6474229,3.004404,976,Make-the-letter-K,
40195052.3967,-0.2049326,0.2379114,3.030326,-0.2338241,0.2990944,3.071079,-0.2749071,0.6449488,3.058444,-0.2380486,0.8184745,3.028038,-0.4113864,0.5033374,2.976225,-0.4559833,0.2541416,2.914865,-0.4109223,-0.02538928,2.801936,-0.3938436,-0.1054968,2.788503,-0.08311269,0.5878899,3.138515,0.1594747,0.520661,3.152602,0.3560532,0.4936346,3.039732,0.4165078,0.477136,2.97864,-0.2660146,0.1464574,2.992783,-0.2000407,-0.3601455,3.023987,-0.1627857,-0.7319674,3.056992,-0.163371,-0.8218819,3.0059,-0.1159751,0.167676,3.05157,0.1268602,-0.2725321,3.096739,0.3860238,-0.6301113,3.08491,0.4614906,-0.6683789,3.072317,976,Make-the-letter-K,
40195090.3989,-0.2044332,0.233616,3.029202,-0.2334893,0.2959745,3.070278,-0.2750547,0.6450033,3.058408,-0.2459562,0.8191354,3.025953,-0.4133373,0.5008553,2.975577,-0.4512875,0.2489044,2.916576,-0.4059092,-0.02829454,2.805526,-0.3881837,-0.1042433,2.794626,-0.08675044,0.5801841,3.134941,0.147294,0.4755809,3.141034,0.3298077,0.4031951,3.021589,0.4141805,0.3655965,2.968498,-0.2651203,0.1423033,2.991738,-0.1989434,-0.3620652,3.022892,-0.1622895,-0.7318001,3.05692,-0.1641024,-0.82217,3.006662,-0.1158736,0.1645704,3.050346,0.1123999,-0.2732265,3.096932,0.2992499,-0.5981877,3.105335,0.3912469,-0.6410137,3.085377,976,Make-the-letter-K,
40195121.4007,-0.202952,0.2277268,3.02759,-0.2323199,0.2911135,3.068927,-0.275537,0.6447666,3.057756,-0.2486901,0.8187637,3.02662,-0.4139024,0.4996052,2.976484,-0.4476926,0.247862,2.920235,-0.3990872,-0.02734953,2.811631,-0.3806306,-0.1023196,2.796136,-0.0859715,0.5746531,3.132941,0.1315401,0.4350403,3.144191,0.294245,0.3203417,3.008148,0.3731216,0.2648463,2.962873,-0.2637838,0.1382734,2.991555,-0.1965404,-0.3622952,3.022217,-0.1614095,-0.7315799,3.056458,-0.1642291,-0.8219863,3.00631,-0.1139322,0.1579703,3.047233,0.1118238,-0.2738157,3.096451,0.3214645,-0.6610714,3.105754,0.4211008,-0.6724273,3.080462,976,Make-the-letter-K,
40195154.4026,-0.197671,0.2207479,3.026767,-0.2278384,0.2850723,3.06818,-0.2757865,0.6439822,3.056865,-0.254145,0.8159741,3.019228,-0.4143119,0.4942908,2.977037,-0.4462452,0.2471052,2.921369,-0.3908631,-0.02825033,2.815881,-0.3700112,-0.1050183,2.805521,-0.08573757,0.5661952,3.128167,0.1381027,0.3758977,3.116156,0.2847902,0.2042195,2.98406,0.3099414,0.1347448,2.956825,-0.2583191,0.1322954,2.991987,-0.1933077,-0.3639165,3.023259,-0.1602349,-0.7327355,3.055841,-0.1650534,-0.8228486,3.005319,-0.1072828,0.1510757,3.045748,0.1131863,-0.2746384,3.094835,0.3539806,-0.6448992,3.081527,0.4513798,-0.6778501,3.070403,976,Make-the-letter-K,
40195188.4045,-0.1951362,0.218147,3.026595,-0.2245199,0.2828695,3.068161,-0.2753324,0.6437033,3.05565,-0.2569884,0.8150567,3.016662,-0.4147772,0.4946525,2.979854,-0.443359,0.2470098,2.926333,-0.384242,-0.02629347,2.823288,-0.3647052,-0.1075377,2.809373,-0.08776596,0.5576611,3.118553,0.09112366,0.3505455,3.120311,0.2376311,0.156438,2.987128,0.2744646,0.08988141,2.966769,-0.2550162,0.1300149,2.992655,-0.1919898,-0.3627515,3.022524,-0.1594973,-0.7333971,3.055994,-0.1650198,-0.8231952,3.005233,-0.10569,0.1496529,3.045515,0.1165884,-0.2839514,3.090822,0.3170683,-0.6232072,3.084197,0.4048349,-0.67008,3.055977,976,Make-the-letter-K,
40195222.4064,-0.1916723,0.2146663,3.026133,-0.2204024,0.2801318,3.068288,-0.2737655,0.6442011,3.055844,-0.2578307,0.8156538,3.017129,-0.4127654,0.4968085,2.98241,-0.4399414,0.2469276,2.929984,-0.3823999,0.006983714,2.839998,-0.3572136,-0.09433322,2.818753,-0.08405647,0.5485227,3.111408,0.07890271,0.3098142,3.107017,0.1906142,0.1061778,2.99211,0.224415,0.03543129,2.969393,-0.2515909,0.1279705,2.99278,-0.1909766,-0.3622209,3.022171,-0.158927,-0.7333052,3.057245,-0.1627685,-0.82104,3.006693,-0.1030534,0.1465261,3.044287,0.1379874,-0.3690361,3.09652,0.3455117,-0.6913748,3.064213,0.4372734,-0.6996534,3.027968,976,Make-the-letter-K,
40195252.4082,-0.1894156,0.2125107,3.024793,-0.2167127,0.2783909,3.06756,-0.2710532,0.6445075,3.054851,-0.2581747,0.8166909,3.016661,-0.412737,0.5000471,2.986954,-0.4373805,0.2473455,2.934171,-0.3772191,0.0012291,2.841682,-0.3527035,-0.09964833,2.817733,-0.08299191,0.544875,3.103281,0.04534563,0.273848,3.079999,0.1338442,0.05245821,2.989901,0.1560951,-0.01550156,2.956924,-0.2495425,0.1261156,2.992431,-0.1902921,-0.3618908,3.022926,-0.1583888,-0.7337192,3.056523,-0.1628695,-0.8211266,3.006603,-0.1009911,0.1447454,3.041792,0.1353454,-0.3726292,3.095317,0.2779153,-0.6986008,3.07248,0.3703638,-0.716429,3.029677,976,Make-the-letter-K,
40195289.4103,-0.1860912,0.2077853,3.020837,-0.212334,0.2747566,3.06453,-0.2654121,0.6457272,3.052402,-0.2574779,0.8168976,3.016693,-0.4093084,0.50172,2.987355,-0.4324999,0.2469391,2.939435,-0.373206,0.0034721,2.847112,-0.3460886,-0.09670662,2.823037,-0.08128305,0.5404017,3.094919,0.02906815,0.2615748,3.072178,0.09213513,0.003871954,2.983067,0.139103,-0.03755731,2.935331,-0.247449,0.1240376,2.991023,-0.1883789,-0.3642168,3.024353,-0.1579854,-0.7357975,3.056612,-0.1619656,-0.8211154,3.007433,-0.09871396,0.1407704,3.035494,0.1137174,-0.3676695,3.085072,0.2577731,-0.7136018,3.064705,0.3516448,-0.7282408,3.023831,976,Make-the-letter-K,
40195321.4121,-0.184494,0.2077564,3.017837,-0.2099005,0.2747704,3.062131,-0.2629932,0.6467687,3.050297,-0.2562082,0.8178285,3.016156,-0.4078971,0.5038763,2.988702,-0.4313318,0.2478957,2.940919,-0.3708846,0.01087217,2.850029,-0.3454898,-0.09012274,2.82754,-0.0804511,0.5413292,3.08978,0.01888022,0.2583672,3.065616,0.0681818,0.0005870564,2.957655,0.1024499,-0.04516773,2.903496,-0.2462313,0.1242443,2.988899,-0.1878672,-0.3640893,3.024238,-0.1566079,-0.7363828,3.055186,-0.1621056,-0.8210168,3.007145,-0.09668119,0.1411147,3.030752,0.1047852,-0.380845,3.082561,0.2451006,-0.7655309,3.062643,0.338629,-0.7806749,3.021166,976,Make-the-letter-K,
40195352.4139,-0.1810678,0.2088692,3.015488,-0.2061968,0.2755716,3.060349,-0.2610608,0.6472915,3.048696,-0.2524387,0.8198245,3.013747,-0.4044685,0.5058485,2.99038,-0.4284602,0.2489796,2.942477,-0.3676795,0.02558753,2.862714,-0.3429383,-0.06166309,2.834165,-0.07842685,0.5426981,3.086262,0.009083861,0.2666934,3.061774,0.02557559,0.05679639,2.947226,0.02122488,-0.01353083,2.912067,-0.2416535,0.1255767,2.986515,-0.1892655,-0.3660341,3.024451,-0.1565671,-0.7363468,3.055054,-0.1613127,-0.8202885,3.007682,-0.09340124,0.1428555,3.028117,0.08383311,-0.3900769,3.0766,0.1866153,-0.7535921,3.048896,0.2376988,-0.8009305,3.017375,976,Make-the-letter-K,
40195391.4161,-0.1774367,0.2107708,3.013318,-0.2018267,0.2771449,3.058571,-0.25711,0.6472511,3.046057,-0.2442126,0.8229069,3.01126,-0.4019656,0.5081372,2.991737,-0.4223503,0.24587,2.943671,-0.3607838,0.01847994,2.86131,-0.3424204,-0.06022682,2.835204,-0.07153634,0.5413625,3.081908,0.008674636,0.2743362,3.059197,0.01290568,0.07712924,2.943993,0.008554986,0.006802298,2.908834,-0.2385287,0.1268563,2.985576,-0.1892836,-0.3661432,3.024416,-0.1565779,-0.7363607,3.055043,-0.1607805,-0.8192358,3.008122,-0.08901776,0.1449094,3.024509,0.06173047,-0.3923579,3.071517,0.1297845,-0.7510701,3.059573,0.2046415,-0.7912344,3.000576,976,Make-the-letter-K,
40195420.4178,-0.1714658,0.2140091,3.010936,-0.1958528,0.2798862,3.056344,-0.2524406,0.6483101,3.043289,-0.2365268,0.8258332,3.006848,-0.3981793,0.5091103,2.992691,-0.4192914,0.2462173,2.944444,-0.3564356,0.01842056,2.86446,-0.3425617,-0.05970353,2.837858,-0.06741518,0.5421359,3.080929,0.01281327,0.280487,3.055425,0.004599676,0.08329877,2.940429,0.0002490054,0.01297221,2.90527,-0.2314269,0.1299758,2.982848,-0.1892344,-0.3661343,3.024343,-0.1557196,-0.7320825,3.060554,-0.1347809,-0.7690618,2.981289,-0.08360856,0.147602,3.022731,0.03577782,-0.3805942,3.062574,0.102197,-0.7444776,3.053662,0.1520455,-0.801102,2.982908,976,Make-the-letter-K,
40195453.4197,-0.1676864,0.2160723,3.009378,-0.190859,0.2821341,3.054817,-0.2427054,0.6493993,3.040564,-0.2300585,0.827134,3.006708,-0.3946702,0.5118011,2.993622,-0.4147429,0.2485748,2.94681,-0.3527512,0.02289315,2.86814,-0.3420669,-0.058862,2.8385,-0.058732,0.5437213,3.079185,0.02782991,0.2981801,3.048634,0.004203055,0.09977093,2.938582,-0.0001475997,0.02944462,2.903424,-0.2292936,0.131251,2.982433,-0.1888279,-0.3666123,3.025285,-0.1558257,-0.7323267,3.060573,-0.1701049,-0.8184569,3.011938,-0.07924925,0.1491222,3.019963,0.02653182,-0.3799199,3.057332,0.07327056,-0.7467405,3.036655,0.1276617,-0.8081401,2.973653,976,Make-the-letter-K,
40195488.4217,-0.165308,0.2165886,3.008583,-0.1874426,0.2827832,3.054085,-0.2364793,0.6497259,3.039521,-0.2272777,0.827753,3.007392,-0.3890385,0.5109198,2.99414,-0.4083273,0.2489781,2.947129,-0.349213,0.02436327,2.866188,-0.3141698,-0.07460581,2.848094,-0.05244718,0.5451131,3.076711,0.03199641,0.3006687,3.044235,-0.001471315,0.108662,2.924571,-0.05147409,0.03559894,2.86531,-0.2280823,0.131465,2.98207,-0.1883319,-0.3694908,3.028045,-0.1568979,-0.7306072,3.062732,-0.1642673,-0.8155067,3.016725,-0.07669254,0.1495053,3.018856,0.004981563,-0.3801738,3.050566,0.03735479,-0.7388087,3.03305,0.06833088,-0.8177273,2.979873,976,Make-the-letter-K,
40195520.4235,-0.1627685,0.2176086,3.007565,-0.1836938,0.283808,3.053432,-0.2323282,0.6503742,3.039134,-0.2227818,0.827071,3.007763,-0.3859694,0.5117989,2.994442,-0.3985736,0.2462939,2.94606,-0.3417619,0.02783525,2.862578,-0.30416,-0.0713139,2.852291,-0.03967363,0.546827,3.071854,0.03766484,0.3020413,3.039989,-0.001709741,0.1099609,2.922519,-0.05302905,0.03873704,2.862156,-0.2268706,0.1317184,2.981925,-0.1878231,-0.3696745,3.030566,-0.1556558,-0.7310256,3.06194,-0.1644644,-0.815643,3.016616,-0.07305279,0.1499837,3.016227,-0.003809162,-0.3813809,3.04507,0.02556424,-0.7308138,3.036229,0.04919279,-0.8098423,2.977015,976,Make-the-letter-K,
40195552.4253,-0.1599093,0.2182628,3.00602,-0.1792431,0.2846209,3.052088,-0.2222183,0.6507066,3.037717,-0.2182848,0.826455,3.005209,-0.3801357,0.5123314,2.993245,-0.3939763,0.2499516,2.94544,-0.3352608,0.03318108,2.85604,-0.3003352,-0.06707013,2.847088,-0.03390554,0.5452442,3.064758,0.04203874,0.3043826,3.035594,-0.0003035478,0.1144033,2.91545,-0.05312275,0.04143073,2.858569,-0.2255408,0.1320876,2.981618,-0.1874983,-0.3714316,3.034878,-0.1565714,-0.731403,3.061809,-0.1651781,-0.8164789,3.016278,-0.07029168,0.1505369,3.013175,-0.008328358,-0.3813988,3.04161,0.01328326,-0.7277694,3.0372,0.03171077,-0.8111609,2.978855,976,Make-the-letter-K,
40195588.4274,-0.1555912,0.2188385,3.004183,-0.1734731,0.285033,3.051306,-0.2152233,0.6519403,3.039225,-0.211461,0.8280733,3.007137,-0.3752991,0.5137312,2.994701,-0.387812,0.2526092,2.944346,-0.3147081,0.02210939,2.833335,-0.2829906,-0.07949853,2.837813,-0.02808146,0.5437475,3.058072,0.05231439,0.3084158,3.028559,-0.008967638,0.1293184,2.899142,-0.05870143,0.04688796,2.853513,-0.2223258,0.1323266,2.980742,-0.1864299,-0.3722447,3.039128,-0.1561527,-0.7346235,3.059764,-0.1659843,-0.8186229,3.014733,-0.06614787,0.1511943,3.009426,-0.0113201,-0.3826263,3.040767,0.01065179,-0.7394066,3.035898,0.03004196,-0.813583,2.978275,976,Make-the-letter-K,
40195620.4292,-0.1502436,0.2190507,3.001405,-0.1667283,0.2850016,3.049824,-0.2088671,0.652096,3.039157,-0.2028754,0.829005,3.008201,-0.3683121,0.5153537,2.997772,-0.3814742,0.2550831,2.944409,-0.3106436,0.02966888,2.83476,-0.2641574,-0.06411468,2.814916,-0.01835685,0.5413497,3.051586,0.06097502,0.3060238,3.021903,-0.02534611,0.09083328,2.887933,-0.07129446,0.04439697,2.843965,-0.2183709,0.1326851,2.979768,-0.1867186,-0.372015,3.041572,-0.1561277,-0.734934,3.060617,-0.1606499,-0.8164625,3.016774,-0.05989944,0.1505247,3.003168,-0.01150625,-0.3832409,3.039232,0.009729713,-0.7416695,3.034642,0.02958516,-0.8157982,2.977676,976,Make-the-letter-K,
40195652.431,-0.1434278,0.2197762,2.999159,-0.1582344,0.2849627,3.049022,-0.1974521,0.650757,3.042074,-0.1969872,0.8299546,3.007933,-0.3597963,0.5172113,3.002912,-0.3663192,0.2572674,2.944711,-0.2907008,0.02181558,2.823098,-0.2605905,-0.06649718,2.813526,-0.01142648,0.5409504,3.047725,0.06626938,0.3042401,3.012158,-0.02616396,0.1159303,2.869243,-0.07430699,0.08939067,2.812865,-0.2119242,0.1331287,2.978251,-0.1864196,-0.3723572,3.042668,-0.1564036,-0.7346663,3.06118,-0.16012,-0.8161547,3.016893,-0.05417047,0.1514602,2.999081,-0.01069211,-0.381152,3.03607,0.008134801,-0.739426,3.03564,0.02924628,-0.8183374,2.982715,976,Make-the-letter-K,
40195688.4331,-0.1374038,0.2204075,2.996915,-0.1511414,0.284962,3.048075,-0.189334,0.6503676,3.044097,-0.1874581,0.828936,3.005515,-0.3549216,0.5176573,3.005335,-0.3576418,0.2619518,2.949639,-0.2816296,0.02708555,2.818502,-0.2496334,-0.03963602,2.791576,-0.005491373,0.5406327,3.044693,0.06997719,0.3018592,3.004973,0.02606664,0.1191186,2.873371,-0.02251098,0.08396196,2.822335,-0.2066638,0.1336433,2.976988,-0.1863987,-0.3723167,3.043018,-0.1565975,-0.7338964,3.062055,-0.1578287,-0.8169913,3.017366,-0.04815406,0.1521642,2.994207,-0.01065856,-0.3797306,3.032939,0.007814102,-0.739383,3.035258,0.02620831,-0.8202342,2.986706,976,Make-the-letter-K,
40195720.4349,-0.1313443,0.2193838,2.994394,-0.143902,0.2836958,3.046896,-0.1813924,0.6507303,3.046339,-0.1772486,0.8298889,3.010033,-0.3435777,0.517454,3.00924,-0.3514197,0.2690472,2.952379,-0.2709621,0.03767563,2.817373,-0.243783,-0.032425,2.792876,0.001913648,0.5394081,3.041244,0.07493494,0.3010924,2.996592,-0.008175768,0.1275375,2.872489,-0.05675294,0.09238124,2.821453,-0.2009744,0.1331898,2.975636,-0.1855004,-0.3722778,3.042646,-0.1565415,-0.7341245,3.062238,-0.1586918,-0.8179168,3.016573,-0.04283889,0.1515434,2.989175,-0.008956129,-0.3799505,3.029803,0.007017495,-0.740033,3.035404,0.02574772,-0.8203591,2.986751,976,Make-the-letter-K,
40195752.4368,-0.1256626,0.219371,2.991366,-0.1360455,0.2826787,3.045108,-0.1691619,0.6472142,3.04898,-0.1712538,0.8321315,3.013705,-0.3344719,0.5177927,3.013693,-0.3281551,0.2602655,2.950102,-0.2611858,0.0505982,2.814568,-0.2259546,-0.02342276,2.788256,0.009410505,0.5399539,3.035894,0.0785881,0.299748,2.990489,-0.008952603,0.125358,2.871249,-0.05752943,0.09020196,2.820213,-0.1959885,0.1338162,2.973991,-0.184229,-0.3732029,3.041613,-0.1557208,-0.7352935,3.061265,-0.160843,-0.8201578,3.013452,-0.0377843,0.1518812,2.982562,-0.007863753,-0.3806174,3.02808,0.004441326,-0.7449549,3.037534,0.02594363,-0.8213086,2.987718,976,Make-the-letter-K,
40195788.4388,-0.118993,0.2203129,2.98938,-0.1278609,0.2832823,3.044266,-0.1588156,0.6497247,3.051956,-0.161355,0.8359408,3.016927,-0.3282366,0.5191841,3.016449,-0.3234873,0.2598009,2.948665,-0.2513809,0.08684805,2.816174,-0.2102582,-0.005037501,2.781312,0.01610914,0.5406439,3.033438,0.08350743,0.2982426,2.98298,0.03510383,0.09071402,2.907868,-0.01347305,0.05555796,2.856832,-0.1897934,0.1350217,2.972425,-0.1821963,-0.3738481,3.039552,-0.1546612,-0.7361606,3.060673,-0.1609023,-0.8208198,3.013598,-0.03256012,0.1528345,2.979198,-0.006603602,-0.381419,3.025607,0.006376817,-0.7433685,3.032143,0.02507157,-0.8205798,2.98613,976,Make-the-letter-K,
40195820.4407,-0.1157166,0.2198026,2.988385,-0.1228806,0.2827776,3.044123,-0.1547104,0.6506175,3.053574,-0.153736,0.8333492,3.019178,-0.3201658,0.5203588,3.019492,-0.3165687,0.2601618,2.947058,-0.2300006,0.0863263,2.817352,-0.1647432,0.01152784,2.778674,0.02750438,0.5373045,3.024796,0.08960918,0.2917683,2.973613,0.03255304,0.08486004,2.904129,-0.01602375,0.04970405,2.853093,-0.1873948,0.1350695,2.971908,-0.1788083,-0.3731167,3.033609,-0.1545496,-0.7363497,3.060273,-0.1616252,-0.8209757,3.013485,-0.02898143,0.1517566,2.976755,-0.0009322206,-0.3758249,3.018087,0.004992685,-0.7398001,3.033442,0.02523106,-0.8204225,2.985778,976,Make-the-letter-K,
40195852.4425,-0.1077896,0.2185003,2.987369,-0.112676,0.2811569,3.044487,-0.135156,0.6556664,3.06294,-0.1461899,0.833639,3.017938,-0.3069529,0.5218108,3.020858,-0.3120875,0.2833699,2.957015,-0.2191061,0.08817773,2.816664,-0.1573307,0.01131128,2.776357,0.03417803,0.5358159,3.020226,0.09275714,0.2906091,2.967561,0.03156488,0.08370423,2.902668,-0.01701177,0.04854833,2.851632,-0.1794619,0.1351961,2.971567,-0.1777445,-0.3726562,3.031007,-0.154276,-0.7368984,3.059395,-0.1620985,-0.8179414,3.014843,-0.02416737,0.1508503,2.97395,0.002649468,-0.3733572,3.015325,0.006204735,-0.73629,3.032053,0.0252283,-0.8198766,2.985105,976,Make-the-letter-K,
40195888.4445,-0.1019569,0.2186243,2.986515,-0.1060722,0.2812111,3.044323,-0.1308882,0.6554514,3.063074,-0.1342456,0.8342102,3.019807,-0.2997361,0.524331,3.0244,-0.310479,0.3035299,2.964945,-0.1947126,0.0911583,2.817565,-0.1253473,0.02744286,2.779692,0.04069919,0.5356547,3.019559,0.09887257,0.2900804,2.962458,0.03213796,0.08382604,2.9021,-0.01643852,0.04867027,2.851064,-0.1729723,0.1362192,2.970923,-0.176711,-0.3712903,3.026711,-0.152959,-0.7380055,3.056231,-0.162979,-0.8188155,3.013779,-0.0196781,0.150472,2.97213,0.005142695,-0.373862,3.013592,0.006245437,-0.7365788,3.032092,0.02390659,-0.8211676,2.986864,976,Make-the-letter-K,
40195920.4464,-0.09582809,0.2188105,2.986352,-0.09836594,0.2816523,3.044694,-0.1218677,0.6571733,3.063753,-0.1277416,0.8327835,3.019386,-0.2931476,0.5243672,3.027468,-0.3062635,0.3055551,2.966904,-0.2282101,0.131103,2.840543,-0.1604547,0.06170573,2.796471,0.04956964,0.5366076,3.016353,0.1065484,0.2915429,2.960921,0.02297568,0.1102015,2.850589,-0.0256007,0.07504581,2.799553,-0.1670888,0.1369989,2.971523,-0.1738886,-0.3691507,3.018215,-0.1525109,-0.7375844,3.054411,-0.1622923,-0.8197457,3.01232,-0.01468367,0.1498615,2.970668,0.009255121,-0.3738339,3.013348,0.005859102,-0.7369996,3.030797,0.02402463,-0.8212661,2.987182,976,Make-the-letter-K,
40195952.4482,-0.0920562,0.2182563,2.986197,-0.09306288,0.2809784,3.044988,-0.1148653,0.6565951,3.065087,-0.1198325,0.83121,3.022405,-0.2850209,0.5238337,3.032367,-0.3020501,0.3057494,2.968902,-0.2154968,0.1346501,2.843619,-0.1430723,0.0693871,2.800671,0.05768216,0.5349801,3.01402,0.1147932,0.2894588,2.959912,0.01918627,0.1140761,2.849741,-0.02939001,0.07892045,2.798706,-0.1636064,0.1368535,2.972479,-0.1725272,-0.3699861,3.012227,-0.1526929,-0.7382382,3.053894,-0.1644747,-0.8200595,3.012125,-0.01129157,0.1486609,2.96861,0.01349949,-0.3702703,3.010756,0.005696993,-0.7354329,3.029525,0.02405866,-0.8211443,2.987183,976,Make-the-letter-K,
40195988.4503,-0.08747703,0.2174635,2.985803,-0.0866425,0.2799278,3.045043,-0.1007381,0.6562835,3.067039,-0.1071204,0.8291649,3.026934,-0.2764247,0.5229492,3.034786,-0.2924735,0.301394,2.968884,-0.2112527,0.1281557,2.842894,-0.1347921,0.07038628,2.796359,0.06403629,0.5343514,3.01285,0.1205112,0.2893921,2.957897,0.02747025,0.1132163,2.846666,-0.02110593,0.07806078,2.79563,-0.1599277,0.1370118,2.972108,-0.1688598,-0.3700559,3.004445,-0.1484416,-0.7415035,3.047687,-0.1646459,-0.8207433,3.01174,-0.008555851,0.1476023,2.967834,0.01592239,-0.3712514,3.010253,0.005802683,-0.7355301,3.029602,0.02517163,-0.8214874,2.987365,976,Make-the-letter-K,
40196020.4521,-0.0837456,0.2161138,2.9859,-0.08083118,0.2748932,3.044867,-0.08296216,0.6066066,3.059289,-0.1015841,0.8208318,3.03047,-0.2676385,0.5232027,3.036282,-0.2839197,0.2966598,2.97139,-0.1689001,0.1287851,2.838907,-0.09984339,0.06534083,2.78836,0.07198367,0.5327505,3.011679,0.1267079,0.2870751,2.95587,0.02807664,0.1127672,2.84681,-0.02049943,0.07761176,2.795775,-0.15498,0.1365952,2.973326,-0.1655053,-0.3705099,2.994372,-0.1478217,-0.7406702,3.046247,-0.1593821,-0.8202227,3.017548,-0.006696931,0.1458129,2.966753,0.01901203,-0.372677,3.010714,0.006449627,-0.734134,3.029413,0.0009069429,-0.7708319,2.947484,976,Make-the-letter-K,
40196052.4539,-0.0793558,0.217461,2.98568,-0.07668892,0.2770462,3.045156,-0.07699011,0.6503522,3.067664,-0.09596322,0.8288797,3.027662,-0.2626388,0.5233521,3.038244,-0.2799886,0.2947708,2.972738,-0.1710271,0.1320151,2.84107,-0.1172904,0.09222956,2.799483,0.08477455,0.5347652,3.015749,0.1341246,0.2852957,2.953901,0.03340448,0.109933,2.849069,-0.01517131,0.07477778,2.798034,-0.1526618,0.1376423,2.973512,-0.1637937,-0.3674724,2.981132,-0.1460555,-0.7405791,3.04483,-0.159175,-0.8153856,3.017172,-0.001636578,0.1459116,2.965099,0.02340155,-0.3708425,3.009273,0.009010036,-0.7368894,3.028712,0.02806061,-0.8277907,3.004655,976,Make-the-letter-K,
